5.54354351609478
5.93255988564517
5.20710674234148
6.18584411371839
6.31404326654103
5.42771394125217
5.19028626569387
6.31011095257418
6.64207850155959
6.36841527300282
5.28872920051125
5.66595458320136
5.96072033633432
5.62093112173612
6.6570299562954
5.76358395539428
5.49777423300838
5.68699589087738
5.98522110631872
5.53532365280173
5.39602659573062
6.68720012500517
5.67160113047013
5.82682912987353
5.85942640956113
4.96705391452925
6.57581530598493
6.00517865920641
5.39709915620936
4.80774097543587
5.1512863958228
5.78205288039977
5.90759099729109
6.36528893039377
6.40506452861772
5.88515956940514
6.5889568295164
5.79120032940003
5.57430498341217
5.61362288806787
6.75110289096625
6.02873077058367
5.14458768582702
6.38159925178152
5.89627669501463
6.52293088446215
6.37055624107307
5.36025966588402
6.043404390621
4.81222730031815
5.35158848963362
5.83784977166784
6.07033341129487
5.49517982964776
5.69209595234952
5.28586908189088
6.31944647149057
6.62806762394664
6.19686665725191
6.09252454349216
5.62317345836122
5.37572020451594
5.96889524996944
6.18881275376775
5.64874813444985
5.07114948300868
5.50997457346878
5.82043004422676
6.19908341206256
6.41340987934375
5.18249983432218
5.93329339759473
5.33822894563875
4.90147866253838
6.66047016391338
5.28782851962002
6.09384243553454
5.76942258091184
5.53921536505227
5.63589997652301
6.29576878093649
6.26265222813658
6.04210957552642
5.74196380158064
5.23698764853851
6.60343985590279
5.99586242272825
5.69530624998113
6.14183667141871
5.35522074853283
5.85552270938294
5.74603652950965
6.11787820754221
5.41758443940871
5.76773832466728
6.28832299842145
5.48402235970693
5.83686263847793
5.99585747506508
6.18663556161333
6.31323502137495
6.26152091350163
5.860565537093
5.54497683330547
5.84376749429283
5.3969461887644
6.58588273533884
6.85353197115492
5.49312241940515
6.5870478626414
5.10749886998248
5.74169831178942
5.66397063465339
4.99657686973651
5.52219033253076
5.89908100231318
6.67959841732861
4.23062435226591
6.21837537034778
5.70392156567909
5.46182194004717
5.99291671118051
6.01191222030424
5.78839630341703
6.30833738118366
4.82107116633712
4.62644027600917
5.37939833340072
5.24049881515211
6.28863312368513
6.06246653412074
5.24509677526723
5.89224572841392
5.55556701397958
6.02659235539499
6.71722912581948
6.31412758374087
5.6830395175065
6.46642420493133
6.38957029402975
6.14725629983227
5.1464427456882
5.55821016006078
5.54549951134437
6.58592587772632
5.52508540801051
5.34007910187689
6.26801909097702
5.58125457968381
6.09927046588815
5.41128616813243
5.70638096300428
5.87000348496755
6.01413055437048
5.56103603918935
6.48452870698028
6.7349851299828
5.76487923706692
5.37292506955587
6.00719687060075
6.31812134063245
6.34345899350253
6.29539990269664
5.5092035824975
5.9156900354407
6.45429656482716
6.09689261506412
5.57273257794955
6.51711378554046
5.97679562830621
6.50933032748244
6.32026031084166
5.77033472296279
5.30932801295932
5.90552911224835
5.93706320662489
5.88272166804271
6.77583640023561
6.76564257179119
5.89700253927283
6.50304521955207
5.64448325882371
6.62677968996154
5.46301748457719
6.41229987266528
6.07130540340795
6.01512632127479
6.77555415790033
5.72900210139708
5.51629087920527
5.01064220121936
5.70501320194477
5.51338131158756
5.86524107469152
4.71710079605836
5.09056757986216
5.84050028641301
5.54332201012058
6.1736297696234
6.05947238281158
6.21613718090502
6.2511040476424
5.21938548569099
5.48392605014781
6.40096495774311
5.73433720836644
5.78510762316099
5.39874825197097
6.28312121303177
6.24124524427613
5.66857209671875
6.2624077385479
5.03418730927122
6.1399371047311
6.4626549956171
5.41541890228724
6.49903903271636
6.63083454779663
5.1920813294967
6.38864652826724
5.58336947767057
5.58235552798126
6.0243397730878
6.16725257708209
5.8760505867895
6.82372394299943
5.81471380825476
5.66194774267702
5.72621046067898
6.4626549956171
6.36128118369901
5.88489287069155
5.99347756184304
6.18293901150139
6.16261601481576
5.9990713190956
6.17064620874437
5.66403412281384
5.8632470620853
5.84027725523427
6.03797155718961
6.00078473447441
5.99420913151603
5.57358962155308
6.36223442661478
6.28112890495587
6.42619376259656
5.6486854260838
5.89913622273536
6.68270550217542
5.30513761362832
5.27915178126977
5.95388063430062
6.48739051475382
5.46472547971292
6.45223838063788
6.11299138950319
5.66279663626424
6.91281391416752
5.6512223711501
6.44979049334246
5.50423453861603
6.8184629049525
5.77839136302871
5.58571650708913
5.18185975699731
5.38492968224218
5.68537378176839
6.54924972195367
5.13040495602473
5.46785449982815
5.85522665112555
6.88135967502335
4.95595889413347
6.12311167050915
6.2447342161014
5.32483199812764
5.87184143512167
4.69017782866333
5.40160475796026
5.5940245188991
5.31318363148906
5.93704269998229
6.11276417371161
5.50946302136488
6.76700501617331
5.84385268182671
5.52087961725816
5.94760149540078
4.81076397798745
6.33581629168303
6.04835037228683
6.28591184719648
4.96419735862807
5.91371698062431
6.46872684970667
6.77161656617132
6.0256159709839
5.64004689513384
6.02093510636488
6.3359162924878
6.72818231433283
6.21930681695346
6.2624077385479
5.17051222535827
5.8698304993189
5.98147534323384
5.59671695838011
5.33976266283782
6.11326523169939
6.17904044855536
6.05826213872692
6.18103944481378
5.15329987892531
6.58075167553944
5.79972598879885
6.26529266524245
5.704737025243
5.77403542866604
6.57240744441596
5.8433277931496
5.77861987639069
5.80767722639998
6.25473942980443
5.23781031621427
6.24161113051724
5.80109914327485
5.89326166691359
5.89051170294665
5.2133428427055
5.68166358182325
5.37794353680066
5.61050104203643
6.63712565267205
5.74709638658018
5.45698117088885
6.50929652667812
6.25078550255925
5.34832577257493
6.08204384163243
6.11549107441922
5.75689457846585
6.24927993778202
6.12079245302741
5.40058797509314
6.78860058030939
6.18135191264434
5.89109359681062
5.77537003774736
5.78055892789567
5.9442209420879
6.40805952599529
5.40638671491148
5.8579423906826
5.29453036409077
5.96703783363289
6.07470321182359
6.22340750385113
6.42239802130272
5.7661358553099
6.05687249160273
5.33163008310423
5.73436856080664
6.16296660160657
5.6893386567451
6.18844332109242
6.81565948318563
6.26226725742546
5.82060410699108
6.27637172939735
5.3468903847928
6.35242923936712
6.33134613672615
5.58286410645144
6.61642560659893
6.17115726606605
5.86626034798535
5.81704997914357
5.08938148552109
6.60632519479492
6.38636341638533
4.9351785606034
6.13525367323484
5.81002332381558
5.64590740070832
6.39483602821509
5.39928144480713
6.27797985945092
5.90823368358707
5.29380089602853
5.5632883783233
6.07124011475946
6.07888792099146
5.30965120252534
5.18295702581058
6.71128769658493
6.35960599559932
5.82592259875801
6.79261925294243
5.86743494905937
6.15660643269912
5.75096654137184
5.27915178126977
6.00832411690138
5.87067772956688
6.34066068396226
6.35432880605473
5.61671137187524
6.28880984340593
6.21269439242087
5.62093112173612
5.88653538395908
5.97769223524069
5.20730680916479
5.57560474201032
6.11331228827909
4.59843923678091
5.38822657657201
6.23658730345729
5.07433403757599
6.09350773184985
6.10018416004788
5.83791892450645
5.75901000516391
6.17560691186347
6.16277836526069
5.33201398053137
6.75515355591385
6.0641243172516
6.46872684970667
6.40096495774311
5.7606600574469
6.16958369126742
5.63095298186686
5.58720949934923
6.4400615821062
6.9740550807367
6.4876526883169
6.58592587772632
5.67253398527754
5.15484575650307
5.66613896333783
5.61674125661565
6.35353831737852
6.07632400109014
6.48150951330696
5.43348420790854
6.06856614465557
5.9445220845773
6.28958814061051
6.37140934817762
5.99747691307019
5.27904720778946
4.98641156608869
6.01512632127479
5.35679602295924
5.94033312806445
5.78205288039977
5.84054681117457
6.74811099149548
5.25918027534667
5.5031558389789
5.58616175661942
5.55188258309846
5.87319633374856
6.17188416204668
5.79073601762411
5.81670968780563
5.7653144732439
5.94328370380037
5.83398167092299
6.01460559693899
6.34630008452461
6.04839929140821
6.70225287803391
5.79820526703038
6.36781677891696
6.17500921686445
5.92099569309259
6.94337105863221
5.73683746013873
5.90944636001525
6.57479362850163
5.98560703305447
5.29546801218855
5.97210995061669
6.01854323845723
5.33376213623855
5.50316824536532
5.59577424593567
5.64573750128807
6.18507812261429
6.49361148481466
5.78851907162016
6.94210108710323
5.24083499927757
6.58367341192469
5.4053830106123
5.5509877162561
5.40920930203769
6.10406559978928
5.8472216894622
5.72846721578938
6.31393653282825
5.43847330907683
6.34937722094209
5.99833079546466
6.40511262032035
6.03884009327382
6.61920141147713
5.52973254227265
6.1665348951967
5.62981249526667
5.17159059955477
5.59210009240422
5.59743117795291
5.21909905432147
5.89051170294665
6.49872301927622
5.98526249190255
6.0560498807802
6.1993932189532
6.21220435238
6.67269052107922
6.2885053959671
5.68489410109554
6.24121830598439
6.3948563882249
5.94672590779837
5.47694473208341
5.55374076387281
5.30589529921958
6.77991670337482
5.90719502430009
6.78808806306915
6.54526760017848
5.74263434300204
5.39266967268187
6.54331128290919
6.14927986469835
6.03106171921571
6.5701271769075
5.93816065685136
5.94641786834528
6.76271442135132
5.72135736364398
4.76775011982514
5.71321110213722
5.23821900684807
6.1267680736095
6.0666785853735
6.31608643452204
5.76722996961894
5.13577931906873
5.65940468846236
5.46086370747076
5.45448743090992
5.83314902321395
6.10953717927362
5.39207064549479
5.57941214072425
6.14809570207569
5.39337868377887
5.64678518324256
5.79203970719703
5.95335915189615
5.72435942539654
5.4111254002553
6.74598479585333
6.66000060812003
5.13675801316997
6.46906407063274
5.7062369652526
6.35595195590153
6.27492921534557
6.81883930405616
5.71727844637567
5.86982490290992
5.24669071688206
5.90838710419084
6.09254553878454
5.80657809406312
5.9442209420879
6.19077086515597
5.93667012470637
5.94028626202477
6.32132713492267
6.30208108227762
5.72621046067898
5.64707586158702
5.93041271205714
5.69874916123942
5.74264895965613
6.0517870217789
5.60626506086019
5.62996002316524
6.00885108577594
4.88791372943173
6.05684841023937
6.67462741972705
5.86822281742738
5.44422612058688
6.37467353999255
5.25238642189651
6.46906407063274
5.45662615955838
5.6486854260838
5.99015941961652
5.6003999781452
6.24112985555795
5.99173034360805
5.44466074095746
6.00095005280662
6.35140947421822
5.97417524469766
6.44396214827102
6.29161897849287
5.75899073109095
5.28371732294019
4.62790187331073
5.53267375779983
6.65587970736729
5.90462776511577
6.4995486869512
6.05034776268781
5.58176748066009
5.1607013198296
6.7155219092445
4.44599355166016
6.76795554219493
5.1284431499733
5.50439699264025
6.33568600541571
6.61134802095733
6.28543412886957
6.4400615821062
5.56781598453727
5.23999486627003
6.08272167190099
5.76468346124775
6.20526559638981
5.53753205765993
5.75873000083309
5.50316824536532
5.95408467072783
5.1794327027753
5.91748243146136
5.64067600317256
5.92418036826569
6.41020376463928
5.28625797245255
6.52591542030919
6.32730715018675
5.60610416365033
6.1956527448421
5.8419630391323
6.39986366437664
5.55455667931386
6.21781595280912
5.2600822603574
6.26226725742546
5.86696474335581
6.06678454081621
5.2053964373432
6.48452870698028
5.2296800763658
5.98577492088129
6.1989088131202
6.25407099838181
6.1927701369486
5.40354537549952
5.40132884801585
5.91389041271172
6.68525249649307
5.27390428561674
6.2400026116055
5.25863636614429
6.18448089522032
6.32882691668172
5.68395118389282
6.04968306898594
6.05494978818935
5.21909905432147
5.95777766406138
6.00666448135937
6.03920381398699
5.99791024625136
6.4336147421315
6.34915924460841
5.67374300372332
4.82824135109876
4.74603797296736
5.65719522086289
5.15809479757696
6.30250081158979
6.0069627693838
5.79120032940003
5.62010980216419
6.42345557665554
5.6425345539406
5.79979294888417
5.58981836485278
5.78073193869755
5.31524237979026
6.38868273545192
6.26512326841509
6.86392929472223
6.23059039741873
6.54421787399538
5.86931048018141
6.5780117898558
5.47541065921637
6.18933485334755
5.86743494905937
5.92892008465067
5.85269056994435
5.7136479080756
6.38444868603112
6.72212163780047
5.6471333090837
6.8561430947494
6.45323923323474
5.13240680045141
5.3029524628324
5.92585142331113
4.93390356445527
5.7606600574469
6.21220435238
5.94381117493675
6.59519710321374
5.11701343527517
5.22044671977251
6.73124071606523
5.53750088558293
6.58915958170266
6.44770100164451
6.0458681460416
5.036390460472
5.37772488523292
6.52042293450147
5.52581643888952
5.43968612488838
6.11702866454262
5.74441011565349
5.67719891991419
6.25603002586558
6.53672615089344
5.4442577126715
5.47567323248776
5.4405289534573
6.46906407063274
5.69849185506193
6.5240107820763
5.53845920415076
5.27870820612431
6.64883500236538
5.92787713263975
5.93361881514018
6.29788764083068
5.46818526030452
6.32863006050738
5.53125246614442
6.47802230615285
5.34460191170171
5.69658745299797
6.49334383292762
5.57098020493218
5.81245758562445
7.06539306022205
5.63561688187213
5.38181553146719
5.87135675864809
5.65621666147374
5.78518996555593
5.1417627383554
6.34035006334595
5.26591714695797
6.37140934817762
5.29781761323875
5.53728306316865
4.55517063132825
5.84498526939426
6.1952486349346
5.99950672657355
5.17735771954564
6.08485224005857
6.03680707627709
6.25916545909727
5.95529127923551
5.53845851711503
5.60072998973145
6.25969260243716
5.80084362622973
6.12524155293475
6.27334885922111
6.22944777270931
5.05601874599444
6.05864669561395
5.824165165843
6.30838152357568
5.66679840254097
6.82565133631606
6.32975668391132
5.69937110635762
6.40663402940124
6.30707676181003
5.46785449982815
5.44932612381232
5.17798143824877
6.38488360207671
6.07124011475946
5.50181389886417
6.80519536479554
5.52771270617005
5.60916613621107
5.56637803962361
5.4993287489344
6.31040360990997
5.2900084589101
6.48958359440268
5.51629087920527
6.47283524345874
5.20694686805504
5.76205600119772
6.19787377975215
6.02185344591356
5.99013645377821
5.98377328871567
5.53718233734231
6.0560498807802
6.0934965430078
5.50400191177142
5.18295729434072
6.49176920798523
5.74045174384747
5.03458349194603
5.7408777048762
5.46398655901195
5.07672929785053
5.18094289132426
5.89011836382401
5.55397676629549
6.78779746370775
5.60366236874013
5.46681779972086
5.73639285398065
6.0645697197523
5.84670965017349
5.62342993028054
5.26910472084587
5.49248068203888
6.12447461730075
5.01832503837334
5.6228443534709
6.08042168180289
5.1179908882934
5.73659191009907
5.93103914070228
5.66237547243138
5.4652674062648
6.06727668826908
5.69797331287921
5.99219141729159
6.38488360207671
5.4154330299186
5.5793031891335
5.53750088558293
6.52166486483206
5.90390183418769
5.84001419985452
6.36320919128678
5.70297499755425
5.77584289812267
6.57457012882117
5.58763524486712
5.98419745910434
5.61994534233804
5.95104560027411
5.93661683002134
5.08417210231556
6.18026914946194
6.33882169867381
6.08544624988003
5.2296800763658
5.39832019361717
5.65416369788147
6.15786204274084
6.69689175038678
5.68218954655909
6.00631884750142
6.06406162009125
6.18950703693217
6.70946820363175
6.11702866454262
6.56202430096035
5.19548554416206
5.08455957081432
5.89973226038721
6.15355186750893
5.83254426783173
6.13316302104711
6.34292444998253
6.0128798336278
5.50990300029293
6.14632480797145
5.95956494155332
5.99038112756037
5.08430011464525
5.38131195081457
5.53441144492349
6.40585921374884
5.6803542701539
5.91843355306567
6.36670685514106
5.7216130025831
6.08523896813638
5.80657809406312
6.68432995391132
5.9395741617686
5.68938883395545
6.08367620284698
5.79986504955
5.65407725333186
5.80842548533375
6.27604420824043
5.82740438320783
5.05827527844346
5.63736519254631
5.80084362622973
5.60626506086019
5.36180583083367
6.18498605162247
6.38399239986956
6.27832569788545
5.77603447368834
5.65827859013803
6.84694248101307
6.31778697597333
6.05215342441746
6.00250686166368
6.28686410981525
4.94183235500195
5.93388764709894
6.2625022120921
6.29746894396901
6.66593392586083
5.78072407489598
5.9998810928072
6.04171218236883
5.87080392321189
5.28049398596027
6.81503365695458
5.96245579739221
5.80635562320032
5.6486854260838
5.72222963109142
5.56265069913317
5.94738922773821
5.8485026288807
5.17055670606559
5.73741036152226
5.44101391427194
6.21264545736909
6.38480239255486
5.52090402800375
6.25688365644698
5.45907892652218
5.46398655901195
5.7829245348153
5.65530423405335
6.16759155610549
6.3707850621947
6.26476242216684
5.49006772671479
6.0666785853735
5.56486035102752
6.84471253568607
6.58367341192469
5.54332201012058
5.7089357599401
4.70559063210597
5.6490864112942
6.02113277102433
6.19310567434623
7.14742835647602
5.35381082919077
5.93174561480959
5.15477005443038
5.77853609974193
5.86725611328654
5.74464980797178
5.07070900643028
5.75023630292928
6.06043308023953
5.86391621904906
5.33689305941064
5.34221369066816
5.98867799078578
4.86947222997765
4.66812121817256
5.26825155000455
5.7772616127734
6.57235955423528
6.06377797986752
5.62010980216419
5.81562717561738
5.28729807649976
5.72621046067898
5.33832531015303
5.78270064787483
5.8484363865522
5.44867802624468
6.04031507030404
6.12545012278492
5.57098020493218
6.38259598306136
6.41996889675144
5.69969794370313
5.40779723379961
6.08045431609697
5.77267807623354
5.81314465428054
6.82378196862538
5.95543494479287
5.46235831533744
6.55940539379863
5.87299024394929
5.27796341181865
5.86347031737403
4.60470774036671
6.21422097259068
6.79871202270859
5.00629952504221
6.6570299562954
5.99355588218674
5.39397212020486
6.04796023709439
6.0194898548598
5.3705301031791
5.48926744304684
4.95786030603183
5.21506843294605
6.65717530028598
6.33787099734341
5.91680306608814
6.27912415849849
5.85796172381154
5.42512929090848
6.10103035828644
5.38653039241196
5.89506665004106
6.03580072650776
5.65651708883622
5.54414409543584
6.00091140154672
5.43291278185776
6.59743450845462
5.62935961599175
6.35619163589483
5.35679602295924
5.7754838154427
4.63251156736508
6.02659235539499
5.69317126131787
6.10978507763866
6.0934965430078
5.54673916977168
5.66641223147191
6.4830596028384
5.54920596930622
5.60570412979611
5.81938705843922
6.68507994476114
5.65520103691098
5.41200326300314
5.59041860596137
5.37146372769256
5.95827046611857
5.89493808927806
6.53874524186061
5.53724789912127
5.77229027421403
6.13377801050891
5.63001623667538
6.12756093958475
5.2545016990375
5.58388445881201
5.16718629195011
5.7587005583819
5.17798143824877
5.4899121568696
6.29805680337351
5.46473895601026
5.30027772177496
6.4140530331979
5.88272166804271
5.77749026577216
5.95731907440721
6.35957080285729
5.42301864820593
5.92710513228423
6.07044262705492
5.30027772177496
6.70402654663415
5.85685340857085
6.21296403465862
5.42328500377441
5.92333021158065
5.54835080055003
6.3635231663038
5.37877489305164
5.23903614014921
5.91848793400047
6.49599828608328
6.39925364512091
5.98644021117053
5.65705884881954
5.38912330447372
5.20770759444181
6.06967606829719
5.21906770453655
5.72915266532342
5.24772670657449
5.47952708176992
5.51000095134262
5.5680918077045
5.38123948459464
6.4128348129749
5.57309125395515
6.14107046621994
6.13263132285239
6.57212796008923
6.76132524174665
5.67955081968013
5.73695825681458
5.55156585063314
6.3065035262493
6.43428394319384
5.86221378811786
5.56518488094211
5.67193094885615
5.29877764174204
6.60631608382623
5.63524199731625
6.46260230056596
5.97390103628286
6.26741252108949
5.69198253627376
6.13383309417048
5.23384618930936
6.37298153487599
5.999419186327
5.68456358599638
5.97259780722507
6.15231943680209
6.06883540561222
5.60956566917991
5.74290450504206
5.5440698448285
5.9294913023427
6.44979049334246
6.62341696327048
5.9839596044746
5.73405790130324
4.70559063210597
6.28790491283865
5.40638671491148
6.67745881801647
5.68128419721766
6.48589326685692
6.37298153487599
6.51111228502801
5.35679602295924
4.79646345421943
5.75609022514271
5.61911145317269
6.06966919339903
5.98467376565295
5.64004689513384
6.29030387476559
5.80453987162221
5.99038112756037
6.85927562374279
6.28958814061051
5.52050593596508
4.93391161117205
5.95484597111607
5.39577193717459
6.24850996956483
5.54095091593677
5.1476028171614
5.717445121381
6.02571469152734
5.67768268951323
5.95238917038327
5.41956627827995
5.50579598750133
5.41903590840259
6.03667275392244
5.3881271748015
