5.54497839199866
5.93679307665042
5.21256965856861
6.18472003678138
6.32241556560401
5.39771185618729
5.19434299735026
6.30352669105751
6.64110500172709
6.36759420111366
5.2807116469992
5.66636736357735
5.94849550298609
5.64053770851976
6.66049180281688
5.77196987017019
5.50575629424178
5.68448770576455
5.98364651046333
5.5783650780709
5.60443684273646
6.69597707324792
5.67560165690846
5.83051339934068
5.86628752195944
4.96862914027254
6.56135502009945
6.01357168698374
5.39275290809156
4.78367753370172
5.19887542900949
5.76812562979193
5.91290729402424
6.37585664875989
6.36133468363823
5.8709920298104
6.58580499372044
5.78799980417985
5.57933669694883
5.60584117366171
6.74863022902644
6.02499938283309
5.17730064963835
6.3753912423808
5.88725786283812
6.5307602606771
6.36638789941095
5.36517436935265
6.04359024967389
4.93170397505162
5.32441977950456
5.81854344340326
6.07634112337791
5.49525281906846
5.69727075378242
5.27858895348254
6.29580439325735
6.62988324875307
6.2032724279663
6.09050734850507
5.61932860817177
5.35004595005932
5.97625448416024
6.18036243807852
5.65861089305302
5.0580743159936
5.49586548300325
5.81520395329739
6.19910948245581
6.41536516486911
5.21387905212144
5.91584464890693
5.33600879257768
4.88457370223832
6.67087257951703
5.28181511976285
6.08927584981832
5.75499553256857
5.52374194359646
5.62551613560534
6.30214542651943
6.26819140616118
6.03863449470732
5.73950245369095
5.23385036370073
6.60760870809835
6.00159252258299
5.68778940462666
6.13518696020264
5.37377789454338
5.85144761515325
5.74398187977795
6.1162725685633
5.40632551144422
5.7644387027892
6.29480025842654
5.48034700653933
5.84509818509622
6.00667690437059
6.16706631873323
6.31756251145154
6.24811886070853
5.8606107711256
5.54073307179949
5.85454293102377
5.475345452194
6.6105787966713
6.85521340854904
5.49379634757095
6.59230250354125
5.11114512730636
5.75184269720606
5.6650292957229
4.9938640611673
5.51409915795592
5.89025401999988
6.6834854657711
4.39818314342377
6.22806213570415
5.7069190578422
5.4654703844331
5.9826796088247
6.02392761837165
5.79002171044359
6.29180268447658
4.80549264844115
4.63198213515761
5.36685096874457
5.24076646310256
6.28681598239448
6.05984802943624
5.21169992714995
5.89366307828827
5.53662856494859
6.03643208023959
6.72008730321553
6.31575617099088
5.68806961447203
6.46628437235275
6.39611911270701
6.14515618265958
5.16733657705755
5.53665293088623
5.54556801196277
6.5726692570609
5.51479772002702
5.33324179868898
6.27023710796437
5.59475468429037
6.12169789426111
5.43945125477445
5.70183642857526
5.88193041560516
6.01787436926017
5.56394321938685
6.48009274006539
6.72759701256444
5.75960146293872
5.37502200550528
6.01179586732268
6.30746892570856
6.34250025586982
6.30533620778554
5.51327676761133
5.90444568936493
6.45095791621117
6.09519359430574
5.56356179599042
6.52500787575334
5.97622117023842
6.51093990674369
6.32483511080452
5.78286733175285
5.31170660029292
5.90036880821066
5.93035429836021
5.88799977209716
6.78180900294506
6.75987796919617
5.90323670308176
6.49871434125971
5.6234832488468
6.63541982446224
5.47118854003396
6.40959476085468
6.08858501513863
6.0296766987629
6.7712099878117
5.71945228768251
5.52008050027963
5.04966476867951
5.69956855824563
5.51332264354762
5.86416488599984
4.68850334005542
5.09872016238256
5.84222156033326
5.5269283564576
6.18176629999218
6.05433324634243
6.21654263299031
6.25216629390815
5.22813308774571
5.48882967417267
6.40120509757651
5.72473334870829
5.77102512481716
5.37521318393345
6.27752212159418
6.23610060439187
5.66299366181539
6.25974264786205
5.02991877781194
6.13328520109763
6.4623710502898
5.42919588886612
6.49545261984935
6.6289340313788
5.18548042971862
6.38400189484059
5.57427251963994
5.56422907454527
6.00971204403578
6.17173706191421
5.87914513578577
6.83045663607801
5.82119456021289
5.64518088963998
5.73285428605052
6.4623710502898
6.35486017878341
5.88457252037182
5.99490118822661
6.1752149201488
6.17377301552489
5.99207545706532
6.1732649523537
5.66361113454344
5.84612631879541
5.83850600036861
6.04213616053262
6.01081877327253
5.98773131669276
5.59453620027247
6.35682613187079
6.26894021206378
6.41095986292275
5.65333795737322
5.88137511653658
6.68800139680313
5.29138496945521
5.25858796482262
5.94487431124245
6.48314046510038
5.44292154905362
6.4618307765864
6.11443601143458
5.65051868840685
6.86431428079074
5.65549464277717
6.43767593880007
5.50674771157433
6.81487702717575
5.77868769611219
5.59061418075476
5.17956384633912
5.38941482959277
5.68444208014596
6.55721324110567
5.13208649708202
5.45180477646323
5.85772836016133
6.88702301247423
4.93774339822575
6.12652993415981
6.24582562419548
5.32928139437697
5.88571863730617
4.69638644557528
5.37991505367005
5.60731337093736
5.31828129213197
5.92869794385521
6.08920031587073
5.51155644114925
6.76527962367673
5.83459091770405
5.52048982962688
5.9510176145057
4.80506685596969
6.34131818039715
6.03229819108733
6.30754662120413
4.97287008130954
5.90974918338779
6.47672167488081
6.76909629567834
6.03814602644026
5.65307869084741
6.03387456435478
6.34490605764416
6.72921669910958
6.22108925929854
6.25974264786205
5.17218483792657
5.87881988515849
5.97523945125682
5.59168537840743
5.42641856512976
6.11443887805643
6.1735880175593
6.05134818266661
6.17331316104379
5.16238388777066
6.58236019544393
5.79459897043595
6.25096200361022
5.70561569049781
5.77973347512869
6.56940057320483
5.83595699692708
5.7785590784583
5.79179972499306
6.255174783486
5.2268066875545
6.2289084685951
5.80355415596433
5.8857533356289
5.88649406483669
5.19604574736233
5.67135771389955
5.37521732490117
5.60334538000486
6.64675301862191
5.75784015865227
5.45460403018991
6.5044953268151
6.25235710696085
5.35723901686069
6.06703780369863
6.11798002833906
5.76425763808132
6.24046609951293
6.10677840384344
5.37987048536499
6.80084320869244
6.18397009148967
5.89081141336508
5.77235691376463
5.76474014724849
5.94024522689677
6.39761526480113
5.41672089878031
5.8392202199361
5.28811928648596
5.97231204849372
6.08402501092069
6.21893202797424
6.42694677024042
5.76890354344966
6.04888636383916
5.32351503039849
5.74155303484355
6.16008327773013
5.67200330708179
6.1916875185203
6.80832181508321
6.26755735809152
5.83155923127691
6.29497806545236
5.34635652297347
6.36812332482656
6.33736211255481
5.58001125624595
6.61077922081991
6.17577475399828
5.86541158362986
5.8012716219489
5.0856215026826
6.58713078560702
6.34117410830863
4.95612054367855
6.12238872085906
5.79123499659768
5.64434348231112
6.38990716374211
5.37262228838283
6.27206721174124
5.89994020426945
5.29811728869993
5.56699934025181
6.08021158691215
6.0837586084688
5.32899921410129
5.17244265765036
6.71051950533561
6.36788625982572
5.82131415544414
6.79355617582244
5.83886493125837
6.16107710271778
5.75277279341941
5.25858796482262
6.00937517460576
5.86117711608841
6.35389438192304
6.37002508393157
5.62536772039592
6.29688331044003
6.21496707386216
5.64053770851976
5.87944052057453
5.95881915100349
5.19879520854685
5.5662075585756
6.13497744933698
4.61425070739357
5.36598473869601
6.23823873901741
5.08194765905065
6.10110684943761
6.08960462499304
5.84034905857876
5.76028961605356
6.16662203153364
6.16881406883905
5.3300545244967
6.75413051331955
6.06636077607629
6.47672167488081
6.40120509757651
5.76766935979509
6.17344234746862
5.63196340487936
5.57685196984819
6.43465847564981
6.96340803256421
6.48753580330627
6.5726692570609
5.67632236704003
5.18431480793724
5.66633259225477
5.6229078889052
6.35493824817629
6.08561660623375
6.48247287273241
5.43746073645467
6.08352591390984
5.94457568348359
6.28942954249765
6.36647796858964
6.00874463497337
5.26470763388795
4.99195348995317
6.0296766987629
5.35922733101147
5.93550758457485
5.76812562979193
5.83659633105067
6.75109303098148
5.26038651484908
5.48522286423542
5.58925601903093
5.53446566540115
5.86473673361956
6.16484481931891
5.8054399189667
5.79268314050787
5.7525778288809
5.95445553118919
5.84325666740398
6.02218865083032
6.35021564212336
6.05172853556276
6.70828813683191
5.78644456277656
6.36312320965274
6.17694747061851
5.92407938438494
6.95246278707035
5.73256174808195
5.90325429339679
6.57672987222999
5.98102059002296
5.30090734107973
5.94209677110716
6.0077900241798
5.35469242678002
5.49426358855999
5.58590395648208
5.65372358179162
6.17274919697234
6.50195613283304
5.78519818664772
6.94950006417489
5.20960670679963
6.59586621144557
5.48843809495419
5.55071939978424
5.41588127214399
6.09125165162363
5.84384529809033
5.72096616002304
6.29817705235591
5.45531347599498
6.34588164905875
5.98838407078977
6.40373959614813
6.03861051125303
6.62050973268097
5.53486903649134
6.16066808214415
5.63014505010259
5.1825558231827
5.58347723509252
5.60440770698496
5.22553589818447
5.88649406483669
6.49954082152318
5.99044984024265
6.04674791456262
6.21127347296201
6.21615668773096
6.67613685311319
6.28968996449393
5.68869136150564
6.23644906864361
6.39215189645256
5.94929968221916
5.48059412068693
5.54445743294075
5.30295404054607
6.78017911544517
5.94147374713394
6.79156019943197
6.53888006011564
5.74812886041553
5.40382666323358
6.55724497225595
6.15270262417229
6.02773627263656
6.57328557737748
5.92381463265532
5.91088694894007
6.76440460165393
5.72828201704438
4.81154719690625
5.6964122910202
5.24419958875702
6.13046948028329
6.06611052648026
6.32997278689573
5.77998989415605
5.22067976754065
5.66386353302469
5.44822963926753
5.45623644568412
5.82592991620374
6.12027829777231
5.39543432441137
5.57204729756697
6.16372424954083
5.39083782106999
5.64527400819654
5.79974442546721
5.95521775543051
5.71874171871761
5.41412537663896
6.74272260130956
6.65671227448581
5.12604856438918
6.46623136781393
5.70174370830826
6.35440200479429
6.26999457540129
6.81464152594426
5.68866999880355
5.87344701015213
5.21889570999624
5.89729710720721
6.08857628361808
5.83434445587983
5.94024522689677
6.19515471244052
5.94695116429321
5.9375991477331
6.32631972229253
6.29682500796504
5.73285428605052
5.63905998857735
5.93761166064829
5.6938026402379
5.73466664394449
6.05367325460918
5.60084733733303
5.61760570811356
6.05123949887409
4.87876495161858
6.05502391780084
6.67542802142886
5.87980898425959
5.42897417487151
6.38089026444596
5.23660129782033
6.46623136781393
5.46536003719548
5.65333795737322
5.98796262037772
5.60546366531769
6.24559248066047
5.97053438127468
5.43729129612149
5.99597338850581
6.35156265969956
5.94411232186579
6.44229681731467
6.31180463336204
5.76100251594607
5.28478667681927
4.6737790361139
5.52757576313299
6.65032284946337
5.90441376819005
6.49659664540192
6.06135070656465
5.59560873259173
5.13543092130196
6.71492346464807
4.42969080571078
6.76781350275323
5.16641333652036
5.47592696193842
6.31737231439453
6.61769672900371
6.28179530760358
6.43465847564981
5.56765759558882
5.23506492218275
6.08840458234545
5.76293706781729
6.20025966215166
5.53402677163198
5.75903082862943
5.49426358855999
5.95106801015559
5.23200956745724
5.91983828892925
5.62889831580406
5.92297349542461
6.41066992215838
5.27316754008883
6.52542474158626
6.33141415090905
5.61420897999349
6.19132348753693
5.85611715071604
6.40698493794529
5.54342620621344
6.23206361498146
5.25374242050262
6.26755735809152
5.86552072049401
6.05787624522959
5.21838791675484
6.48009274006539
5.23244767610353
5.98525221211529
6.2385902483641
6.25320018853424
6.19458095731331
5.38184105060698
5.40085216107922
5.90425566212386
6.68522486083243
5.26352241945318
6.23269480256509
5.25908817475799
6.1891511684486
6.3333122017189
5.66260278344273
6.05649501195296
6.06068084446995
5.22553589818447
5.96771606478615
6.00880555332714
6.03780439012113
5.98898104743274
6.42498006023713
6.36765618450258
5.66828001991628
4.80713423322642
4.76275814909769
5.67533351713669
5.15813311731905
6.276213645181
5.98797154132429
5.78799980417985
5.60751756755858
6.42494385405321
5.62546084745261
5.79683264725513
5.58938343875184
5.79290473562641
5.45595423928016
6.38768310134082
6.26295276885778
6.86194777841443
6.24363130354766
6.53657723204885
5.87432611948881
6.57230482447639
5.47227612165044
6.19219229595041
5.83886493125837
5.93498155424389
5.8406364966754
5.70021456634067
6.38859397433182
6.72091412251814
5.63817757518464
6.84299957103566
6.45811057668569
5.13748773730961
5.30104027970394
5.90925010198976
4.92736011840254
5.76766935979509
6.21615668773096
5.94268302946398
6.59199873264973
5.11247847567785
5.21443126369891
6.70542826501271
5.53086752432448
6.59547571224369
6.4452505293894
6.0484771167706
5.03032289330323
5.37097374607902
6.52858271829505
5.510858065862
5.44338685436405
6.10918522358869
5.74831045650982
5.67329477301841
6.26525598172931
6.5416620658929
5.45621536872768
5.47247507883116
5.4387894710291
6.46623136781393
5.70611773338109
6.54075416733284
5.52420265282777
5.26897906156962
6.64803476914421
5.92398079272261
5.93515822444308
6.28999096818762
5.45664619710845
6.3420101699952
5.52884772951411
6.48815585903677
5.35191057919751
5.70848208908459
6.48532085774824
5.5741181620798
5.81144736733536
7.06688809709552
5.62523777022129
5.38363490419473
5.88183707240062
5.63355819997903
5.78074911439102
5.19736475815707
6.34262321509984
5.26595722712251
6.36647796858964
5.40784297592149
5.52527327424962
4.57357683431291
5.8580699408346
6.19299329902454
5.98219959692311
5.26415440623683
6.08807895366955
6.04979739698998
6.25605922110942
5.95647894118413
5.54243362049846
5.63273359167366
6.26767661102193
5.81333569830114
6.13006328180001
6.2695136661837
6.23385648235784
5.05974707452085
6.05086015878
5.83042059765631
6.29528748841657
5.6754402262191
6.80869015331328
6.34034762036892
5.69036517355777
6.41138106628795
6.29766666321228
5.45180477646323
5.43266464420613
5.18637686254752
6.3838795831308
6.08021158691215
5.515093065451
6.80960441389263
5.53130003206503
5.61917725780222
5.57089905300329
5.51342125743029
6.31542273318459
5.27827366002892
6.49248502202421
5.52008050027963
6.47576789447366
5.21248736560322
5.75012786857103
6.19488671171167
6.02265976438957
5.99265253812912
5.98350622315554
5.54714714977149
6.04674791456262
6.09060727237179
5.48181984949398
5.17397378786641
6.51513513993411
5.73863118428778
5.02771115077716
5.7446918884917
5.46295784722598
5.07866098609864
5.1833639738485
5.87945382313287
5.55923493254851
6.77909894035181
5.60470463802361
5.47767210356991
5.80974988891019
6.04991922833873
5.81812782150815
5.62698701794459
5.25022435357115
5.49969993325904
6.13162093195165
5.03677865422287
5.62809285158939
6.0945790895693
5.11400891643431
5.72709085381686
5.91208141135057
5.65870595677181
5.42550869929712
6.06664719630593
5.70151032331377
5.99664193404484
6.3838795831308
5.41835892521798
5.55861278693812
5.53086752432448
6.5239498082335
5.90886558987965
5.83842239091281
6.36990050463609
5.69607405438341
5.7837372354391
6.47140567918202
5.58572029868988
5.9920131716776
5.61389282663389
5.943228049796
5.92595901427008
5.09146774766735
6.17272586401984
6.34368418908342
6.08899471519791
5.23244767610353
5.40580460397667
5.66580534159474
6.15429429983775
6.70768652070668
5.6887106492222
6.00214755721029
6.05729905322944
6.19162594446921
6.70603641041239
6.10918522358869
6.56863996372163
5.19558594072786
5.06887629624823
5.89281538371751
6.15783420999002
5.80921938041639
6.1084806781565
6.33335507424109
6.02021850551379
5.54859913197531
6.15253595890848
5.95349072527776
5.98532021514595
5.08899405921202
5.38791644313034
5.53579649500085
6.40911730505834
5.68369839862496
5.91273163659849
6.37605673393828
5.73374742337136
6.07886225117554
5.83434445587983
6.6770479645735
5.94429290962474
5.68326054528282
6.07628498998961
5.79347833011243
5.63991030602257
5.81792429814502
6.28741836647875
5.82647679431443
5.04602119889622
5.64845369952817
5.81333569830114
5.60084733733303
5.36779460482423
6.18841106588431
6.3846424239797
6.26837831953749
5.76978386530773
5.64631664329057
6.86755146939462
6.32232491324958
6.05393414904903
5.99537213367893
6.27224032253469
4.94464642294878
5.92476878576867
6.26254132523517
6.29950886520828
6.66128601776503
5.78379736355775
5.99796934206754
6.03239359425329
5.87163512048092
5.27902046587678
6.81709067739411
5.9675212591924
5.79400832930859
5.65333795737322
5.72364440899621
5.54368162677833
5.95041707769406
5.85008533504407
5.25623342245252
5.74256272131999
5.43715843007714
6.22873470062018
6.36754264140486
5.53120298186654
6.25279262023622
5.44271823924618
5.46295784722598
5.78683106661141
5.64976415721008
6.16782391128057
6.37163040244489
6.26942818150919
5.47329892849817
6.06611052648026
5.56121107087998
6.84332212883963
6.59586621144557
5.5269283564576
5.70771140402074
4.70737736130708
5.63788147841071
6.03328307278145
6.19834003047434
7.15071431312015
5.38705336069038
5.92549749402939
5.17541187283712
5.78503864843996
5.87260584480218
5.72780072719823
5.06905779697521
5.75068006756178
6.06323252628412
5.84559194288838
5.32956803258823
5.32480656734137
5.99003876924522
4.8681488605031
4.73367947149093
5.27533708851517
5.77961904883169
6.57409089657507
6.06503474846968
5.60751756755858
5.82155200484411
5.33287043737703
5.73285428605052
5.34212127263764
5.78304812847204
5.83271999801179
5.44749863369128
6.04561542885032
6.11743794687164
5.5741181620798
6.38064875328552
6.41227319206805
5.70061903757315
5.4922075425881
6.07026365344791
5.76753551845183
5.80311314835173
6.83113130575141
5.95471506131766
5.46167057888661
6.56512136207653
5.86555970117132
5.26819086441302
5.87087981968803
4.62364566058351
6.21377336488371
6.79395859782753
5.00813365102893
6.66049180281688
5.99867416519973
5.43363752050015
6.03102665913488
6.00970418163764
5.37152426640342
5.5108805969128
4.93278280200567
5.2036615132809
6.66492526594347
6.341790598987
5.91192103473707
6.29314349331805
5.83590968966314
5.40283600287044
6.09265448700886
5.38366447736037
5.91082855400161
6.03403459578827
5.66570413315918
5.5314513384139
6.01190261993329
5.43656977065683
6.58888380451131
5.6227588927938
6.3563127203892
5.35922733101147
5.7792246235648
4.6258652036821
6.03643208023959
5.69502722388905
6.1103018736593
6.09060727237179
5.5375314033263
5.65711806273225
6.4848378272571
5.56884235782945
5.60294138738097
5.827755823231
6.68749380470784
5.65330205067754
5.43596794016352
5.59723807605754
5.37085867012655
5.96652494531454
5.87444557981954
6.53941017215228
5.53825088871595
5.75251582777689
6.1360704330048
5.62589309744846
6.12756561560737
5.31378707779689
5.57802841552911
5.1392390584715
5.76342428525559
5.18637686254752
5.52221904528707
6.29447928398054
5.44780452795699
5.26840702841799
6.41757613916485
5.88799977209716
5.77628135495324
5.96138153174501
6.35361932805117
5.41001521436788
5.92343671879867
6.06340793645627
5.26840702841799
6.70260173078437
5.85033897078832
6.21945719695636
5.43280262341743
5.92501953051335
5.53717760427025
6.37162094516325
5.36790519800776
5.24041039198337
5.92511232037835
6.49790030160406
6.38472390272177
5.98935942221075
5.6615148955511
5.38694911018463
5.20318215702204
6.0698538485415
5.19715660170535
5.73301957333693
5.23278119981263
5.46054184727858
5.51277741996312
5.57591723340655
5.36574797292449
6.41626942276418
5.55801830843947
6.12987744202042
6.13307134403524
6.57429018135034
6.7607296698393
5.67590848456523
5.73105313793987
5.5604621422654
6.30384553011529
6.43842053137485
5.86277190958391
5.57602888984266
5.66107910257004
5.28710975321702
6.61583365604448
5.62269446489481
6.45610114519082
5.97397326098564
6.27791249811585
5.69886055985626
6.13539431913715
5.22340902210992
6.37492911230832
6.01094329535494
5.69067467287559
5.94727117931642
6.16037505119333
6.06568032456336
5.57355573899079
5.72673432290002
5.54690983670817
5.93722255845332
6.43767593880007
6.62444422927208
5.99383869977922
5.73283774118528
4.70737736130708
6.29487506648026
5.41672089878031
6.67383450991546
5.67866948089456
6.47030857506534
6.37492911230832
6.51634364155989
5.35922733101147
4.82258522397906
5.74813030348005
5.62383513810619
6.07674469062825
6.00520602767169
5.65307869084741
6.28797295853893
5.79928587976882
5.98532021514595
6.8678091701007
6.28942954249765
5.52242415266154
4.93122492679163
5.94905569600764
5.39407647100172
6.26195393902808
5.5656266852468
5.24460027236049
5.74366668139432
6.02542701757468
5.69060720389933
5.95340894219771
5.41719695191056
5.50039904626079
5.40468282845776
6.03092247676071
5.39771862720037
