5.30733333333333
6.11483333333334
5.00016666666667
6.26993333333333
6.25976666666667
5.35076666666667
5.21056666666667
6.10613333333333
7.18676666666667
6.5087
5.06796666666667
5.62956666666667
5.70536666666666
5.77956666666667
6.9251
5.96456666666666
5.10343333333333
6.09583333333333
5.8604
5.47625238095238
5.35986666666667
6.74693333333334
5.11076666666667
5.4916
5.81106666666667
5.0666
6.13233333333333
6.25263333333334
5.8485
5.0403
5.52583333333333
5.64853333333334
5.7984
6.22993333333333
6.2075
6.25296666666667
6.92959999999999
5.82673333333333
6.00483333333333
5.6251
7.3531
6.0872
5.21733333333333
5.9208
5.95843333333333
6.42823333333333
6.5901
5.69696666666666
6.689
5.11876666666667
5.14086666666667
5.53013333333333
5.84813333333334
5.53832380952381
5.64066666666667
5.27370476190476
6.02973333333333
6.91623333333334
6.10083333333333
6.50246666666667
5.56736666666667
5.2828
5.7537
6.19133333333333
5.17323333333334
5.098
5.13583333333333
5.13396666666667
6.3351
6.89816666666667
5.41323333333334
6.33463333333333
5.2372
4.9836
6.36153333333333
5.72586666666667
6.359
5.4906
5.212
5.16686666666667
6.75793333333333
6.355
6.01093333333334
6.11965714285714
5.08526666666667
6.7127
6.18286666666667
5.93183333333333
5.88263333333333
5.50746666666667
5.7455
5.21438333333333
5.9524
5.29416666666667
5.44223333333333
5.79603333333333
5.65606666666667
6.54933333333333
5.9866
6.12803333333333
6.489
6.04606666666667
5.25952857142857
5.1011
5.29166666666667
5.6667
6.3372
7.07643333333333
5.062
6.09316666666667
5.08946666666667
5.96436666666667
5.67373333333333
5.23146666666667
5.78256666666666
6.0382
7.15676666666666
4.83766666666667
6.4269
5.29803333333333
5.06683333333333
6.89633333333333
6.03009523809524
5.7032
5.88226666666667
5.00713333333333
4.9177
5.6802
5.18433333333333
5.7548
6.60656666666667
4.59776666666667
5.65746666666667
5.31113333333333
5.98463333333333
6.5375
5.60193333333333
5.01286666666667
6.6218
6.06873333333333
6.479
5.13743333333333
5.22276666666667
5.27043333333333
6.39626666666667
5.41166666666667
5.22956666666667
6.1376
5.33496666666667
5.78646666666667
5.45776666666667
5.80363333333333
5.0995
6.77953333333333
5.02013333333333
6.74916666666667
6.77573333333333
5.60436666666667
5.49676666666667
6.21186666666667
6.63706666666667
6.04466666666667
6.47806666666667
5.02013333333333
5.6029
6.01046666666667
6.16626666666667
5.8328
6.46236666666667
5.82146666666667
6.34956666666667
6.2516
5.80383333333333
5.54435714285714
5.75013333333333
6.3684
6.2881
6.81573333333333
6.71343333333334
5.90203333333333
6.09186666666666
5.19626666666667
6.39053333333333
7.0012
6.79706666666667
5.98826666666667
6.1622
6.55816666666667
5.82813333333333
5.46208571428571
5.58033333333333
5.42263333333333
5.25186666666667
5.9193
4.94376666666667
5.15483333333333
6.05853333333333
5.5031
6.02563333333333
5.47333333333333
6.31723333333333
6.0553
4.9846
5.69696666666666
6.07863333333333
5.8642
5.54776666666667
5.42326666666667
6.01686666666667
6.16206666666666
5.45213333333333
6.67136666666667
5.02613333333333
5.8011
6.00156666666667
5.5015
6.51083333333334
6.75353333333334
5.29376666666667
6.33046666666667
5.43323333333334
5.5116
6.31813333333333
5.99333333333333
6.01093333333333
7.42546666666666
5.44793333333333
5.8139
5.0806
6.00156666666667
6.37356666666667
5.915
6.06666666666667
5.84816666666666
5.92673333333334
5.89703333333333
5.94786666666667
5.98903333333333
5.98096666666667
5.56816190476191
6.15616666666667
5.94273333333333
6.07966666666667
5.63296666666667
6.1594
6.69853333333334
6.0636
6.41335555555556
5.83386666666666
6.9209
5.04793333333333
5.24013333333333
6.64113333333334
6.4205
5.4295
6.47506666666667
6.08483333333333
5.56083333333333
5.92546666666667
5.98901666666667
6.2543
5.163
7.2269
5.98113333333333
5.10416666666667
5.03966666666667
5.21196666666667
5.29064285714286
6.33153333333333
5.29705714285714
5.42590476190476
5.72756666666666
6.85453333333333
5.0355
6.7823
6.21346666666667
5.2025
6.1575
4.9524
5.06926666666667
5.1751
5.43673333333333
5.40473333333333
5.89353333333333
5.3173
6.95503333333333
5.61903333333333
5.21623333333333
5.50946666666667
5.0168
6.07153333333333
6.25726666666667
6.16566666666667
5.08913333333333
5.5602
6.07603333333334
6.4447
6.44263333333333
5.94903333333333
5.9937
6.45276666666667
6.0357
7.0415
6.67136666666667
5.27083333333333
5.82146666666667
6.27156666666667
5.5968
5.88833333333333
6.58083333333333
6.29496666666667
6.09163333333334
5.768
5.0724
6.6688
6.03883333333333
6.62713333333333
5.07716666666667
5.22263333333333
6.55943333333334
5.87153333333333
5.8828
6.06203333333333
6.2989
5.5855
5.80893333333333
5.94106666666667
6.01406666666667
5.8621
5.25223333333333
5.23516666666667
5.45346666666667
5.72716666666667
6.4576
5.3815
5.46746666666667
6.81123333333333
6.76326666666667
5.11656666666667
6.2991
6.24546666666667
5.5536
6.08743333333333
5.84661904761905
5.88513333333334
6.5145
6.29743333333333
5.4975
5.34496666666667
6.20763333333333
5.83826666666667
6.08613333333334
6.98003333333333
6.0165
5.32336666666667
6.00103333333333
5.94973333333333
6.55803333333333
6.3255
5.5304
5.87316666666666
5.6294
5.9428
6.14066666666667
5.23156666666666
6.10273333333333
6.42596666666667
5.96913333333333
5.31613333333333
6.60716666666667
5.26156666666667
6.06983333333333
6.5271
5.17916666666667
6.22303333333333
5.97636666666667
5.8738
5.7672
5.42336666666667
6.39176666666667
6.199
5.02731666666667
6.29563333333333
5.27303333333333
5.45626666666667
5.8868
5.4425
6.77903333333333
6.1463
5.55066666666667
5.74233333333333
5.73046666666667
5.96726666666667
5.29193333333333
5.0578
6.46606666666667
5.98543333333334
5.9862
6.43316666666667
5.71997777777778
6.1921
5.86696666666667
5.24013333333333
5.73106666666667
5.41006666666667
6.0151
6.06676666666667
6.98706666666667
6.66243333333333
6.19769999999999
5.77956666666667
5.7096
5.76193333333334
5.27603333333333
5.7409
5.81736666666667
5.25843333333333
5.39933333333333
6.19506666666667
5.0726
6.41043333333334
6.30596666666667
5.81339523809524
5.9145
6.99496666666667
7.5056
6.87964615384615
6.39506666666667
6.0821
6.07603333333334
6.07863333333333
5.96568888888889
5.59136666666667
5.27526666666667
5.50166666666667
6.4816
7.08623333333333
7.13333333333333
6.39626666666667
5.8665
5.59513333333333
5.85156666666667
5.33113333333333
6.2486
6.00423333333333
6.93203333333333
5.4096
5.87953333333333
5.96506666666667
6.2381
6.0942
6.2657
5.37596666666667
4.7544
6.1622
6.01313333333333
6.38153333333333
5.64853333333334
6.6109
6.78976666666667
5.24776666666667
5.34723333333333
5.578
5.3187
5.77626666666667
5.9121
5.72713333333333
6.12441428571429
5.6704
5.71893333333333
5.61306666666667
5.753
6.03763333333334
6.11231428571429
6.52643333333333
6.164
6.65506666666667
6.3067
6.0164
7.17
5.88586666666667
6.2499
6.28003333333334
5.83010952380952
4.795
5.32693333333333
5.4006
5.42678333333333
5.96556666666667
5.2278
5.3974
6.25606666666666
6.9437
5.91716666666667
7.07666666666667
5.55976666666667
6.46006666666667
5.40503333333333
5.12026666666667
5.5393
6.41706666666667
5.50573333333333
5.57516666666667
6.331
5.04023333333334
6.30353333333333
5.84206666666667
6.42316666666667
5.95073333333333
6.45643333333333
5.10763333333333
6.103
5.75176666666667
5.2272
5.4379
5.02071666666667
5.04463333333333
5.8621
6.3266
5.8751
6.00733333333334
5.6432
6.5326
6.35666666666667
6.72283333333334
5.465
5.74286666666667
6.25156666666667
5.92453333333333
5.46353333333334
5.89443333333333
5.4477
6.5676
5.68686666666667
6.54156666666667
6.24883333333333
5.3891746031746
4.81146666666667
5.54913333333333
5.63263333333333
5.8023
6.4869
5.99336666666667
6.316
6.17856666666666
5.94863333333333
5.28986666666667
6.0716
5.12403333333333
6.15706666666667
6.1047
6.64636666666667
5.39986666666667
5.26223333333334
5.79106666666666
5.29016666666666
5.52186666666667
5.53656666666667
5.7131
5.11503333333333
5.70386666666666
6.01966666666667
5.5478
5.27413333333333
5.32193333333334
5.98126666666667
5.91139523809524
5.6326
6.35976666666667
6.86913333333333
5.40986666666667
6.46303333333333
5.8572
6.69713333333333
6.50976666666667
6.19736666666667
6.1763
5.90703333333333
4.90416666666667
5.75796666666667
6.00083333333333
5.34133333333333
5.83826666666667
6.69963333333333
5.87233333333333
5.97453333333333
6.1043
6.50283333333333
5.0806
5.4117
5.30003333333334
5.2586
5.55616666666667
5.77283333333333
5.61011666666666
5.11879047619048
5.40533333333333
4.65083333333333
6.44763333333333
5.99743333333333
5.73343333333333
5.40633333333333
6.5201
5.11996666666667
6.46303333333333
5.7066
6.41335555555556
6.39256666666667
5.5954
6.20393333333333
5.95363333333333
6.41749523809524
5.9522
6.17426666666667
5.3971
6.72043333333333
6.33003333333334
5.927
5.20873333333333
4.92973333333333
5.63
6.68606666666667
5.73943333333333
6.27083333333333
5.96776666666667
5.43376666666667
5.23986666666667
6.75673333333333
5.30396666666667
7.02996666666666
5.05886666666667
5.7197
6.34793333333333
6.17213333333333
6.60533333333333
6.4816
5.5159
5.62546666666667
6.25703333333334
5.83813333333333
5.9202
5.1763
6.11626666666667
5.96556666666667
6.01226666666667
5.4199
5.50223333333334
5.76466666666667
5.9547
6.5768
5.2936
6.28163333333333
6.12176666666667
5.6355
6.47913333333333
5.52162857142857
6.2445
5.7008
5.92403333333333
5.8717
5.96913333333333
5.92770952380952
5.99793333333333
5.49283333333334
6.74916666666667
5.47773333333334
6.1599
6.4392
6.72733333333333
6.24763333333333
5.06336666666667
5.72786666666667
6.13663333333334
6.8276
5.19223333333333
6.4205
5.0969
5.8947
6.16303333333333
5.36573333333333
6.09008095238095
6.079
5.04463333333333
5.62666666666667
5.9355
6.66286666666667
6.32756666666667
6.77633333333333
6.51186363636364
5.32426666666666
4.9254
4.7392
5.93923333333333
5.29576666666667
5.3533
5.9999
5.82673333333333
5.9002373015873
6.1155
5.18486666666667
5.14466666666667
5.34766666666667
5.80313333333334
5.4387
6.3212
5.9436
7.08943333333333
5.96496666666667
6.4074
5.99723333333333
6.18236666666667
5.71493333333333
5.9622
5.71997777777778
5.8384
6.47143333333334
5.84576666666667
6.17573333333333
6.8326
5.5647
6.01253333333333
6.46986666666667
5.1136
5.33493333333334
5.74876666666667
4.54976666666667
5.96568888888889
6.5326
5.83693333333333
6.56896666666667
5.096
5.9104
6.40023333333333
5.38953333333333
6.8683
7.01493333333333
5.22293333333333
5.26428333333333
5.7924
6.81703333333334
5.62623333333333
5.6297
6.01283333333333
6.08053333333333
5.54313333333333
5.78373333333333
6.2327
5.72383333333334
5.98183333333333
5.3651
6.46303333333333
5.3207
6.50326666666667
5.2084
5.17706666666666
6.5862
5.88543333333334
5.95003333333333
6.87696666666667
5.5035
6.2196
5.75363333333333
6.9545
5.01603333333333
6.65543333333333
6.17693333333333
5.10591666666667
5.95223333333333
6.8745
6.25983333333333
5.70823333333333
5.58956666666667
5.45936666666667
5.9428
5.69106666666667
6.22596666666667
5.71643333333333
6.0942
5.34996666666666
5.2738
4.8659
5.42653333333333
6.80846666666667
5.838
5.30373333333333
5.9188
6.05776666666667
5.93763333333333
6.13636666666667
5.5312
5.74616666666667
6.15363333333333
5.86406666666667
6.39683333333333
6.35453333333333
6.14616666666667
5.3308
6.5276
5.3662
6.04723333333333
5.27473333333333
6.3729
6.06073333333333
5.53543809523809
7.51486666666667
6.38646666666667
5.42590476190476
5.453
5.11194285714286
6.4536
5.73046666666667
6.8766
6.47183333333333
5.36876666666666
6.64796666666667
5.3566
5.01666666666667
6.20256666666667
5.11696666666667
6.6683
5.46208571428571
6.04463333333333
5.02536666666667
5.81133333333333
5.89726666666667
5.94543333333334
6.6414
6.02576666666667
7.9943
6.00733333333334
6.5922
5.91816666666667
5.65676666666667
6.40596666666667
5.7559
5.5565
5.59366666666667
6.02738095238096
5.0957
5.16396666666667
5.48103333333333
5.66743333333333
6.72753333333333
5.758
5.28063333333334
5.97373333333333
6.11553333333333
5.24114285714286
5.76733333333333
5.03803333333333
5.92326666666666
5.64783333333333
5.01256666666666
5.39923333333333
5.9332
5.33793333333333
5.83493333333334
6.06486666666667
5.46813333333333
5.3313
5.93163333333333
5.81956190476191
5.94746666666667
6.4536
5.68810952380952
5.60955
5.38953333333333
6.34956666666667
5.8899
5.296
6.28216666666667
5.803
5.30476666666667
6.4431
5.40154285714286
6.0777
5.7742
6.07146666666667
5.73576666666667
4.92086666666667
6.16783333333334
6.18073333333333
5.99913333333333
5.47773333333334
5.0045
7.94414761904762
5.53396666666667
6.24036666666667
5.53846666666667
5.98663333333333
6.0956
6.06283333333333
6.81563333333333
6.01283333333333
6.6147
5.50096666666667
5.5676
5.96013333333333
6.09033333333333
5.47813333333333
5.9054
5.54003333333333
6.22716666666667
5.05423333333333
6.4648
5.8606
6.07356666666667
5.0096
5.07166666666667
5.46166666666667
6.7281
5.58926666666667
5.55453333333333
6.27133333333334
5.89076666666667
6.21883333333333
5.34133333333333
7.20693333333333
5.7911
5.69826666666667
5.866
5.28343333333333
5.44373333333333
5.51103333333333
5.70916666666667
5.90363333333334
5.29736666666667
5.44282380952381
5.86406666666667
5.61011666666666
5.4999
6.28423333333333
6.45869696969697
6.8546
5.7166
5.0858373015873
5.98183333333333
6.4845
7.2431
6.2097
5.64496666666667
5.49506666666667
5.9041
6.26183333333333
6.6882
6.34826666666667
6.08246666666667
5.53783333333333
6.50883333333333
5.82956666666667
4.91116666666667
7.08363333333333
6.2211
6.01473333333333
6.41335555555556
5.72503333333334
5.95466666666667
5.90060952380952
5.78323333333333
5.31603333333334
5.722
5.0107
5.9068
6.22643333333333
5.4455
6.134
5.1991
6.02738095238096
5.6285
5.2172
6.74136666666667
6.06256666666667
6.08416666666667
5.66123333333333
6.1047
5.1428
6.96336666666667
6.46006666666667
5.5031
5.34606666666667
4.99033333333334
6.3083
6.0625
6.1728
6.93206666666667
5.1577
6.07643333333333
5.03953333333333
5.87453333333333
5.98306666666667
5.8321
5.043
5.87496666666667
6.21186666666667
5.81423333333334
5.259
5.23016666666667
5.57514285714286
4.4921
4.63793333333333
5.03923333333333
5.4134
6.4817
6.5845
5.9002373015873
6.0117
5.70903333333333
5.0806
5.60143333333334
6.71423333333333
5.34770952380952
5.47673333333333
6.383
6.32943333333333
5.10591666666667
6.25333333333334
6.88973333333333
6.00076666666667
5.27316666666667
6.39256666666667
5.48183333333333
5.71736666666667
7.02933333333333
5.95423333333334
5.67783333333333
6.4431
6.22033333333333
5.58316666666667
5.79346666666667
4.95863333333333
6.5492
6.5762
5.4043
6.9251
6.528
5.60966666666667
5.96603333333334
5.3784
5.3636
5.5928
5.45666666666667
5.2745
6.7948
6.2329
6.12963333333334
6.47966666666667
5.7092
5.66183333333333
5.86033333333333
5.21893333333333
6.1333
6.00073333333334
5.47983333333333
5.2305
6.29833333333333
5.08126666666667
6.37123333333333
5.83143333333333
6.35653333333333
6.01313333333333
5.77216666666667
5.51753333333333
5.98463333333333
5.39413333333334
5.40726666666667
6.5922
5.12536666666667
5.1995
7.28283333333333
5.22843333333333
5.73056666666666
5.9893
6.59123333333333
5.85036666666667
5.2694
5.0744
5.43133333333333
6.04273333333333
5.92913333333334
6.2175
5.62654285714286
5.42996666666667
5.81773333333334
5.30766666666667
5.98976666666667
5.36113333333333
5.68383333333333
5.19243333333333
5.62786666666667
5.11194285714286
5.27773333333333
6.38623333333333
5.5128
5.38999047619047
6.63576666666666
6.2881
5.9715
5.91566666666667
6.3086
5.2514
5.25006666666667
6.12706666666667
5.38999047619047
7.0723
5.97423333333334
6.12413333333333
5.92763333333333
6.1407
5.34366666666667
6.448
5.7721
5.07953333333333
5.91453333333333
6.3323
6.51276666666667
5.7932
5.22386666666667
5.07286666666667
5.50633333333333
5.81343333333333
5.21633333333333
6.01758181818182
5.2822
5.89603333333333
5.54606666666666
7.00046666666667
5.25846666666667
6.6193
5.45
6.07706666666667
5.2052
6.94823333333333
6.25883333333334
5.37933333333333
5.9301
5.94016666666666
6.58523333333333
6.3516
5.79986666666667
5.421
5.76456666666667
5.34923333333333
6.2241
6.01783333333333
6.04036666666667
5.80956666666667
6.50303333333333
5.6226
6.29446666666667
5.3811
7.3788
6.1891
5.9759
5.61536666666666
5.9213
6.42
5.49403333333333
6.1466
5.43945714285714
5.82112857142857
6.2543
6.62496666666667
6.11573333333333
5.85663333333333
4.99033333333334
6.1355
6.98003333333333
6.62256666666667
5.4062
6.1747
7.3788
6.10093333333334
6.01313333333333
5.17416666666667
6.3784
5.24216666666667
6.1877
5.6028
5.94903333333333
6.6276
5.90543333333333
6.07356666666667
6.54933333333333
6.2381
5.48543333333333
5.19452380952381
5.9565
5.5915
5.92723333333333
6.3448
5.566
5.9724
5.6704
5.2721
5.95473333333333
5.70436666666667
5.96676666666667
5.75133333333333
5.90603333333334
5.808
