5.26043333333334
5.5398
4.98013333333333
5.953
6.25816666666667
5.2516
5.2977
6.11403333333333
7.3754
6.51283333333333
5.11113333333333
5.6783
5.83046666666667
5.55956666666667
6.98726666666667
5.7473
5.2123
5.74906666666667
5.91653333333333
5.4572
5.09393333333333
6.81713333333333
5.34213333333333
5.59416666666667
5.78596666666667
5.0281
6.11513333333333
6.0537
5.64686666666667
5.1629
5.51033333333333
5.44313333333333
5.7718
6.2077
6.2162
6.0703
6.90976666666667
5.43856666666667
5.6973
5.4672
7.0517
6.3375
5.3983
5.63476666666667
6.26043333333333
6.45193333333334
6.6769
5.17916666666667
6.78283333333334
4.99223333333333
5.02266666666667
5.65866666666667
5.85426666666666
5.45803333333333
5.77943333333333
5.22746666666667
6.2491
6.89543333333334
6.07166666666667
6.37306666666667
5.76906666666667
5.3778
5.44976666666667
6.19273333333333
5.11156666666667
5.1844
5.212
5.18903333333333
5.80576666666666
7.07876666666667
5.49536666666667
5.5391
5.27253333333333
5.1432
5.72966666666666
5.71663333333333
6.27513333333334
5.47566666666667
5.35883333333333
5.19723333333333
6.78493333333333
6.35263333333333
5.76113333333334
5.97353333333333
5.08966666666667
6.6069
6.0501
6.1931
5.96146666666666
5.3711
5.78143333333333
5.1135
5.9985
5.33566666666667
5.9599
5.6148
5.88376666666667
6.07656666666667
5.83553333333333
6.1664
6.27286666666667
6.08803333333333
5.33223333333334
5.2884
5.28976666666667
5.79263333333333
6.5759
6.9013
5.11173333333333
6.2065
5.18793333333333
5.9817
5.80746666666667
5.00383333333333
5.89566666666667
5.90566666666667
7.342
4.7028
6.17666666666666
5.45956666666667
5.23683333333333
6.79653333333333
5.9081
5.8974
6.27913333333333
5.14813333333333
5.19853333333333
4.92753333333333
5.0504
5.55426666666667
6.61403333333334
4.52533333333334
5.54293333333333
5.5285
5.9899
6.73253333333333
5.51673333333333
5.06783333333333
6.64236666666667
5.8384
6.44336666666667
5.05716666666667
5.4176
5.82783333333333
6.46073333333334
5.23626666666667
5.087
6.26393333333333
5.34646666666667
5.74106666666666
5.51973333333333
5.69876666666667
5.06526666666667
6.8246
5.17846666666667
6.82133333333333
6.63123333333333
5.97323333333334
5.04383333333333
6.03646666666667
6.55106666666667
6.07783333333333
6.2517
5.0789
5.43956666666667
6.0006
6.15183333333333
5.8931
6.40643333333333
6.01406666666667
6.0708
6.3848
5.6676
5.39586666666667
5.78876666666667
6.56293333333333
6.29343333333333
6.9164
6.61693333333333
5.76516666666667
5.9919
5.3522
6.3933
6.9985
6.42656666666667
6.0032
6.0457
6.4745
5.83806666666667
5.3952
5.5539
5.31046666666667
5.32856666666667
5.95563333333333
5.128
5.42633333333333
6.00136666666667
5.5153
6.01856666666667
6.02386666666667
6.06216666666667
6.0653
5.16813333333333
5.38783333333333
6.4421
5.67346666666667
5.8281
5.72066666666667
5.95656666666666
5.94703333333333
5.6661
6.6501
5.2485
5.9548
6.08656666666667
5.15593333333333
6.64243333333333
6.9193
5.28736666666666
6.12236666666667
5.54833333333333
5.34536666666667
5.45603333333333
5.979
5.7771
7.42173333333333
5.69683333333333
5.64103333333333
5.0855
6.08656666666667
6.3075
6.0169
5.82513333333333
5.88603333333333
6.00426666666667
6.15723333333334
5.88453333333333
5.9904
5.94626666666667
5.21373333333333
6.11396666666667
5.8238
5.9473
5.45466666666667
5.90673333333333
6.8416
6.65096666666667
6.39443333333334
5.72326666666667
6.69853333333333
5.29723333333333
5.32363333333333
6.51096666666667
6.6702
5.41566666666667
6.31556666666667
5.9992
5.552
6.4613
5.9894
6.59983333333333
5.24896666666667
7.08553333333334
5.99116666666667
5.1192
5.10276666666667
5.14946666666667
5.77783333333333
6.3599
5.35046666666667
5.4383
5.8223
6.97726666666667
5.06826666666667
6.81073333333333
6.1503
5.16323333333333
5.97133333333333
4.96266666666667
5.50963333333333
5.17166666666667
5.33813333333333
5.9718
6.0509
5.21776666666667
6.8315
5.56766666666667
5.3115
5.49116666666667
4.73206666666667
5.9705
6.2059
5.93126666666667
5.11716666666667
5.67673333333333
6.1226
6.58326666666667
6.09473333333333
5.9146
5.94166666666667
6.7281
6.00733333333333
7.16496666666667
6.6501
5.31382564102564
5.90526666666667
6.28173333333333
5.5621
5.80206666666666
6.70876666666667
6.2162
5.97633333333333
5.88826666666667
4.8901
6.55726666666667
6.14003333333334
6.49796666666667
5.094
5.22623333333333
6.12583333333333
5.98073333333333
6.0774
5.8518
6.13446666666667
5.59309230769231
6.08356666666666
5.94973333333333
6.33686666666666
5.70446666666667
5.2148
5.17683333333333
5.30743333333333
5.66233333333333
6.5892
5.26093333333333
5.523
6.82513333333333
6.78813333333333
5.09773333333334
6.2519
5.64053333333333
5.6053
6.23306666666666
5.96836666666667
5.88033333333333
6.42863333333333
6.343
5.87476666666667
5.28726666666667
5.6535
5.81243333333333
6.11783333333334
6.96873333333333
5.88143333333333
5.5259
5.91096666666667
5.97556666666667
6.5342
6.49976666666667
5.4395
6.26856666666667
5.51203333333333
5.84233333333333
6.1697
5.45556666666667
6.08763333333333
6.5502
6.07556666666667
5.28476666666667
6.37966666666667
5.10263333333333
6.1247
6.46906666666667
4.97636666666667
6.5639
6.0003
5.95
5.69916666666667
4.77503333333333
6.63463333333333
6.4172
4.93426666666667
6.20763333333334
5.4473
5.80843333333333
6.40863333333333
5.445
6.78056666666667
5.9295
5.26906666666667
5.5646
5.3145
6.0513
5.3495
5.15633333333334
5.64466666666667
6.17123333333334
5.896
6.55463333333334
5.88533333333333
6.22556666666667
5.8235
5.32363333333333
5.74606666666667
5.4502
6.1923
6.1247
6.98327619047619
6.54593333333333
6.18523333333333
5.55956666666667
5.83186666666667
5.03923333333333
5.09263333333333
5.93376666666667
5.8863
5.2117
5.45596666666667
6.19326666666667
5.21873333333333
6.33556666666666
5.85826666666667
5.89086666666667
6.03126666666667
7.14996666666667
7.50043333333334
6.84843333333333
6.5804
6.1638
6.1226
6.4421
6.05726666666667
5.66606666666667
5.17693333333333
5.76553333333333
6.45156666666666
7.21393333333333
7.13256666666667
6.46073333333334
5.86743333333334
5.6018
5.9644
5.2247
5.91333333333333
5.89863333333333
6.98143333333333
5.36776666666667
5.79813333333333
5.91126666666667
6.47906666666666
6.3425
6.1482
5.51106666666666
4.9948
6.0457
5.97246666666667
5.94616666666667
5.44313333333333
6.61383333333333
6.92053333333333
5.40893333333333
5.4007
5.08843333333333
5.1831
5.66813333333333
5.8788
5.5147
5.5058
5.62336666666667
5.85803333333334
5.5319
5.92573333333333
6.12746666666667
5.251
6.5337
5.54013333333333
6.73773333333334
6.33533333333333
5.05113333333333
6.9433
5.41526666666667
6.16696666666667
6.2225
6.20616666666667
5.33766666666667
5.53373333333333
5.57023333333333
5.56086666666667
5.97166666666666
5.5738
5.3945
6.0739
6.95296666666667
5.78246666666667
6.91433333333333
5.5806
6.63806666666667
5.33463333333333
5.1409
5.69133333333333
6.3175
5.19486666666667
5.65203333333333
6.39843333333333
5.05643333333333
6.4932
5.941
6.35613333333333
5.1991
6.339
5.12876666666667
6.14553333333333
5.57143333333333
5.30466666666667
5.57566666666667
5.15603333333333
5.04536666666667
5.70446666666667
6.5075
6.00093333333334
5.87553333333333
5.45683333333333
6.31926666666667
6.5077
6.62696666666667
5.58986666666666
6.10043333333333
6.58976666666667
5.9144
5.63076666666667
5.3945
5.50463333333333
6.69816666666667
5.3402
6.7822
6.49926666666667
5.35896666666667
4.73713333333333
5.85033333333334
5.6131
5.96866666666667
6.64746666666667
5.94383333333333
6.3324
6.27696666666667
5.9782
5.43676666666667
5.92206666666667
5.18713333333334
5.88313333333334
5.89313333333333
6.23683333333334
5.3731
5.46956666666667
5.426
5.56783333333333
5.599
5.78413333333333
5.75723333333334
5.09033333333333
5.5607
5.84353333333333
5.4877
5.3284
5.68193333333333
5.94743333333333
5.9432
5.7128
6.7723
6.79223333333333
5.37843333333333
6.7369
5.99233333333333
6.73646666666666
6.30976666666666
6.2432
5.7145
6.1157
5.21223333333333
4.94073333333333
6.0466
5.0647
5.81243333333333
6.70769999999999
5.9612
5.8525
6.222
6.54633333333334
5.0855
5.8475
5.2511
5.47053333333333
5.61343333333333
5.7592
5.40963333333333
5.1617
5.38546666666667
4.5392
6.59746666666666
5.99106666666667
5.71633333333333
5.50403333333333
6.25213333333333
5.22176666666667
6.7369
5.3633
6.39443333333334
6.4901
5.64456666666667
6.0528
5.95303333333333
6.12353333333333
6.2555
6.61513333333333
5.46406666666667
6.74526666666667
6.20086666666667
5.92106666666667
5.32293333333333
4.94173333333333
5.38403333333333
6.1833
5.9248
6.28273333333333
5.95973333333333
5.46176666666667
5.07213333333333
6.24973333333333
5.20276666666667
6.71226666666667
4.93366666666667
5.8245
6.54636666666667
6.5332
6.69603333333334
6.45156666666666
5.5445
5.3579
6.52646666666667
5.71666666666667
6.17823333333333
5.1914
5.7474
5.97166666666666
5.9786
5.44636666666667
5.6644
5.83083333333334
5.98676666666667
6.32993333333333
5.33113333333333
6.4767
5.9524
5.73926666666667
6.51123333333333
5.52363333333333
6.2955
5.7372
5.83313333333333
5.8626
6.07556666666667
5.8166
6.20756666666667
5.5164
6.82133333333333
5.2895
5.8826
6.29556666666667
6.6741
6.03643333333333
5.46563333333333
5.92556666666667
5.9251
6.82526666666667
5.15273333333333
6.1911
5.10056666666667
6.05556666666667
6.2553
5.3307
5.96806666666667
5.97096666666667
5.04536666666667
5.53556666666667
6.2335
6.51386666666667
6.30796666666667
6.60643333333334
6.32596666666667
5.36606666666667
5.31833333333333
4.93576666666667
5.87216666666667
5.22066666666667
5.42896666666666
6.03243333333333
5.43856666666667
5.92425
6.023
5.15456666666667
5.41626666666667
5.54106666666667
5.7089
5.33386666666666
6.5833
5.89336666666667
7.034
6.1109
6.2648
5.39273333333334
6.356
5.9245
6.00503333333333
5.88533333333333
5.89202857142857
6.5685
5.8323
6.48863333333333
6.7136
5.62686666666667
6.7002
6.56466666666667
5.23003333333333
5.28076666666667
5.864
5.19473333333333
6.05726666666667
6.31926666666667
5.75213333333333
5.8642
4.93196666666667
5.899
6.24926666666667
5.2281
6.8858
7.00976666666666
5.08736666666667
4.92546666666667
5.88123333333334
6.91043333333333
5.62013333333333
5.64813333333333
6.13296666666667
6.0069
5.48323333333333
5.68563333333333
6.30643333333333
5.69526666666666
5.96073333333333
5.2844
6.7369
5.25243333333333
6.40016666666667
5.30053333333333
5.25743333333333
6.818
5.962
5.97683333333333
6.95076666666667
5.38110000000001
6.09226666666667
5.69523333333333
6.88426666666667
5.0653
6.59663333333333
6.2372
5.10703333333333
6.0031
6.70906666666667
6.3962
5.80006666666667
5.78263333333334
5.5733
5.8388
5.6755
6.23363333333333
5.70776666666667
6.3425
5.4039
5.29636666666666
4.8682
5.37876666666667
6.84963333333333
5.62586666666667
5.25013333333333
5.8542
5.9139
6.1416
5.63133333333333
5.328
5.7045
6.13553333333333
5.43756666666666
6.37046666666666
6.32846666666667
5.54433333333333
4.9684
6.47986666666667
5.37673333333333
6.13096666666667
5.45773333333333
6.87383333333333
5.5394
5.58156666666667
7.33256666666667
6.28143333333333
5.4383
5.47116666666667
5.04686666666667
6.59733333333333
5.3145
6.8489
6.775
5.2633
6.4313
5.38913333333334
5.0592
6.1893
5.13733333333333
6.62096666666667
5.3952
6.32556666666667
5.0746
5.4837
5.91423333333333
5.9279
6.572
6.00376666666667
7.9955
5.87553333333333
6.63
5.4765
5.67493333333333
6.30416666666667
5.4316
5.2778
5.82603333333333
6.12242380952381
5.22063333333334
5.20663333333333
5.50266666666667
5.6793
6.86686666666667
5.69036666666667
5.1656
5.83993333333333
6.2478
5.6134
5.81936666666667
5.1081
5.93593333333334
5.9451
5.00316666666667
5.5335
5.9601
5.01146666666667
5.8367
5.93703333333333
5.4422
5.4607
5.9963
5.67363333333333
6.30266666666667
6.59733333333333
5.5292
5.69376666666667
5.2281
6.06856666666667
5.98533333333333
5.7131
6.29886666666666
5.8912
5.3967
6.56426666666667
5.6447
5.8953
5.7711
5.96286666666666
5.95063333333333
5.05516666666667
5.98516666666667
6.31476666666667
6.13166666666667
5.2895
5.03843333333333
7.95257619047619
5.14956666666667
6.53553333333333
5.5548
5.88953333333333
5.93813333333333
5.94573333333333
6.55153333333333
6.13296666666667
6.6078
4.96346666666667
5.51303333333333
5.9938
6.145
5.68636666666667
5.90013333333333
5.72406666666667
5.96646666666667
5.26566666666667
5.77873333333333
5.91026666666667
5.90156666666667
5.0955
5.13376666666667
5.13356666666667
6.7345
5.56923333333333
5.58753333333333
6.0938
5.7809
6.38073333333333
5.0647
7.37233333333333
5.82263333333333
5.8942
5.78133333333333
5.25053333333334
5.4654
5.4176
6.2636
5.9681
5.29016666666667
5.5913
5.43756666666666
5.40963333333333
5.57056666666666
6.18313333333333
6.62883333333333
6.7657
5.7848
5.08901666666667
6.3771
6.3645
7.21393333333333
6.19323333333333
5.64356666666667
5.6168
5.85803333333333
6.24593333333334
6.79923333333333
6.44316666666667
6.12036666666667
5.8795
5.96026666666666
5.87813333333333
5.08866666666667
7.04173333333333
6.24653333333333
6.03256666666667
6.39443333333334
5.60896666666667
5.5384
5.85713333333334
5.82733333333333
5.2486
5.87006666666667
5.02086666666667
5.5862
6.09796666666667
5.38223333333333
6.28606666666667
5.30156666666667
6.12242380952381
5.73356666666667
5.58746666666667
6.83473333333333
6.04273333333334
6.1198
5.7807
5.89313333333333
5.21183333333333
6.30426666666667
6.63806666666667
5.5153
5.3818
5.12826666666667
6.23683333333333
6.07993333333333
6.1771
6.94516666666667
5.21083333333333
6.12306666666667
5.0261
5.8913
6.0377
5.95773333333333
4.94783333333333
5.9095
6.20356666666666
5.64376666666667
5.09626666666666
5.30206666666667
5.7913
4.4448
4.91966666666667
5.08446666666666
5.5383
6.41006666666667
6.6402
5.92425
6.02073333333334
5.74516666666667
5.0855
5.19303333333333
6.59636666666666
5.6201
5.3387
6.63843333333333
6.223
5.10703333333333
6.50426666666667
6.93263333333333
5.94963333333333
5.17943333333333
6.4392
5.88306666666667
5.81836666666667
7.00186666666667
5.7121
5.38443333333334
6.4302
5.93566666666667
5.66272564102564
5.84753333333333
4.74706666666667
6.63403333333333
6.55546666666667
5.11456666666667
6.98726666666667
6.34883333333333
5.39
6.18946666666667
5.49106666666667
5.5746
5.4897
5.65596666666667
5.16213333333333
6.48153333333333
6.42626666666667
6.01376666666667
6.03536666666666
5.81036666666667
5.70053333333333
6.26056666666667
5.2995
5.95753333333333
5.91946666666667
5.44573333333333
5.625
6.04346666666667
5.19223333333333
6.44313333333333
5.87676666666667
6.60856666666667
5.97246666666667
5.85123333333334
5.52343333333333
5.9899
5.45923333333333
5.314
6.63
5.28763333333333
5.18586666666667
7.285
5.20263333333333
5.6651
6.0047
6.58823333333333
5.7826
5.19076666666667
5.19123333333333
5.6934
6.0666
5.89106666666666
6.501
5.7441
5.3828
5.98553333333333
5.9418
6.10903333333333
5.2703
5.84906666666667
5.1775
5.63596666666667
5.04686666666667
5.13933333333333
6.3162
6.0037
5.31843333333333
6.85853333333334
6.29343333333333
6.00406666666667
5.90826666666667
6.37383333333334
5.36946666666667
5.3538
6.445
5.31843333333333
6.702
6.01796666666667
6.05783333333334
5.89596666666667
6.04703333333333
5.72
6.4483
5.71076666666666
5.2102
5.85133333333333
6.64103333333334
6.5222
5.6752
5.20466666666667
5.14036666666667
5.72723333333333
5.9337
5.3308
6.0176
5.20273333333333
5.87343333333333
5.41203333333333
6.99633333333333
5.26663333333333
6.8672
5.3866
5.9777
5.2087
6.7991
6.87386666666667
5.47233333333334
5.44946666666667
6.00573333333334
6.44626666666667
5.56833333333333
6.01606666666666
5.55086666666667
5.78663333333334
5.4244
6.2298
5.89216666666667
6.26963333333333
5.7889
6.28776666666667
5.65986666666666
6.38176666666666
5.45463333333334
7.37153333333333
6.33743333333333
5.87093333333334
5.6587
5.95566666666666
6.26713333333333
5.5137
5.8816
5.36856666666667
5.98256666666667
6.59983333333333
6.44923333333333
6.216
5.96673333333334
5.12826666666667
6.05833333333333
6.96873333333333
6.54253333333333
5.5009
6.33983333333333
7.37153333333333
6.16000000000001
5.97246666666667
5.018
6.4059
5.31366666666667
6.08773333333334
5.97563333333333
5.9146
6.7777
5.93503333333333
5.90156666666667
6.5171
6.47906666666666
5.61136666666667
4.9762
6.1869
5.77636666666667
5.977
6.35163333333333
5.19416666666667
5.46036666666667
5.79346190476191
5.1949
5.94733333333333
5.52216666666667
5.97363333333333
5.92506666666667
6.0985
5.73423333333333
