5.13926666666667
5.44723333333333
4.90923333333333
5.9938
6.49393333333334
5.32356666666667
5.30393333333333
6.11933333333333
7.49136666666667
6.8058
5.0687
5.94936666666667
5.92363333333333
5.77233333333333
6.93466666666667
5.78433333333334
5.1962
5.88343333333333
5.921
5.32176666666667
5.14366666666667
6.87483333333333
5.31656666666667
5.5947
5.70646666666667
5.0183
6.22216666666667
6.04846666666667
5.66736666666667
5.01763333333333
5.47936666666667
5.53046666666667
5.83923333333333
6.22253333333333
6.1943
5.99513333333333
6.9748
5.6089
5.74666666666666
5.6156
6.9858
6.32866666666667
5.38133333333333
5.63513333333333
6.07336666666667
6.53483333333333
6.9873
5.40553333333333
6.78946666666667
4.90396666666666
5.066
5.62866666666667
5.84113333333333
5.5989
5.7036
5.24826666666667
6.31623333333333
6.84346666666667
6.06826666666667
6.287
5.726
5.3041
5.35336666666667
6.32936666666667
5.13133333333334
5.2065
5.21986666666667
5.1609
5.57686666666667
7.02673333333334
5.44576666666667
5.51543333333333
5.13616666666667
5.07756666666667
5.70413333333333
5.6965
6.36093333333333
5.53823333333334
5.50343333333333
5.2316
6.76186666666667
6.2903
5.731
5.89536666666667
5.0948
6.71536666666667
6.093
6.2083
5.9678
5.3273
5.7612
5.07743333333333
5.9565
5.3409
5.911
5.6924
5.87506666666667
6.21826666666666
5.85273333333333
6.20896666666667
6.14786666666667
6.08733333333334
5.3637
5.26116666666667
5.26016666666667
5.86386666666667
6.63606666666667
6.91376666666667
5.14213333333333
6.34276666666667
5.20193333333333
6.0063
5.90436666666667
4.92343333333333
5.91233333333333
6.0205
7.38973333333333
4.4108
6.2154
5.33823333333333
5.27583333333333
6.8032
5.86503333333333
5.8565
6.20943333333333
5.104
4.94893333333334
4.72656666666667
5.00433333333333
5.68696666666666
6.64796666666667
4.5813
5.42943333333334
5.55513333333333
5.97573333333333
6.78893333333333
5.53016666666667
5.0572
6.6622
5.83953333333333
6.53076666666666
5.0046
5.36006666666667
5.81763333333333
6.57713333333333
5.3077
5.0956
6.2556
5.2956
5.74416666666667
5.54536666666667
5.7225
5.05696666666667
6.81333333333333
5.11356666666667
6.82393333333333
6.81366666666667
5.94563333333333
5.121
6.02166666666667
6.44313333333333
6.08543333333333
6.3446
5.03973333333333
5.48363333333333
6.01493333333333
6.15893333333333
5.8674
6.411
6.0566
6.1355
6.2665
5.62533333333333
5.30253333333333
5.81216666666667
6.5989
6.33406666666667
6.99373333333333
6.51916666666667
5.8273
6.0602
5.32356666666667
6.41326666666667
6.9995
6.27926666666667
6.28353333333333
6.0375
6.50046666666667
5.82366666666667
5.2973
5.59493333333333
5.3443
5.16126666666667
5.93633333333333
5.0358
5.24
6.05913333333333
5.49036666666667
6.0686
5.97566666666667
5.94343333333333
6.04196666666667
5.14893333333334
5.3535
6.5384
5.79276666666667
5.8445
5.6806
5.9635
5.9793
5.63073333333333
6.6764
5.16516666666667
5.94603333333333
6.0925
5.0971
6.69653333333333
6.99603333333333
5.28193333333333
6.13113333333333
5.4603
5.39693333333333
5.24523333333333
6.02166666666666
5.7061
7.3978
5.47793333333334
5.71816666666667
5.08996666666666
6.0925
6.17206666666666
6.00626666666666
5.85636666666667
5.8345
6.0835
6.14853333333334
5.8628
5.9992
5.84986666666667
5.15083333333333
6.1373
5.81783333333333
6.08993333333333
5.5584
5.85896666666667
6.86356666666667
6.79243333333333
6.40426666666667
5.73763333333333
6.80693333333334
5.2902
5.25496666666667
6.6382
6.71216666666666
5.39483333333333
6.4029
6.0053
5.59846666666667
6.6256
5.99003333333333
6.54443333333333
5.17466666666667
7.16806666666667
5.9921
5.10466666666667
5.005
5.14983333333333
5.92186666666667
6.36033333333333
5.2684
5.4587
5.89456666666667
7.0847
5.01443333333333
6.8279
6.34663333333333
5.1525
5.90713333333333
4.84053333333333
5.49653333333334
5.19683333333333
5.26056666666667
5.8654
6.08493333333333
5.06353333333333
6.8627
5.5567
5.2393
5.5177
4.59646666666667
5.97313333333333
6.1921
5.93346666666667
5.13046666666667
5.782
6.2527
6.5918
6.1619
5.8878
5.9676
6.83
6.1893
7.22953333333333
6.6764
5.30283333333333
5.83213333333333
6.3264
5.56696666666667
5.86563333333333
6.8872
6.19426666666666
5.92133333333333
5.8204
4.84626666666667
6.51266666666667
6.18463333333333
6.58153333333334
5.08523333333333
5.1913
6.26483333333333
5.99653333333333
6.13043333333333
5.87343333333333
6.15843333333333
5.5596
6.11403333333334
5.9921
6.29263333333333
5.70713333333333
5.179
5.16386666666667
5.29213333333333
5.8404
6.59903333333334
5.31583333333333
5.5443
6.7576
6.78483333333334
5.14216666666667
6.2284
5.77433333333333
5.71983333333333
6.2137
5.93263333333333
5.89256666666667
6.38533333333333
6.40703333333333
5.8714
5.2982
5.7949
5.73366666666667
6.16143333333333
6.99246666666667
5.83553333333333
5.51276666666667
5.86343333333333
5.99303333333334
6.6045
6.5501
5.39346666666667
6.2754
5.4872
5.9359
6.13496666666666
5.4457
6.15646666666667
6.48876666666667
6.02833333333334
5.17533333333333
6.64046666666667
5.17853333333333
6.26073333333334
6.56716666666666
4.98703333333334
6.5702
5.99936666666667
5.9029
5.74686666666666
4.60646666666667
6.65436666666667
6.4558
4.8375
6.19753333333333
5.4209
5.676
6.42356666666667
5.35363333333333
6.8324
5.94326666666667
5.2496
5.39756666666667
5.43056666666667
6.03483333333333
5.2803
5.1062
5.52373333333334
6.18993333333333
5.85753333333334
6.51056666666667
5.86446666666667
6.43823333333333
5.92266666666666
5.25496666666667
5.86083333333333
5.48656666666667
6.1831
6.26073333333334
6.98783333333333
6.57446666666667
6.08203333333333
5.77233333333333
5.81076666666667
4.90613333333333
5.03416666666667
5.94413333333333
5.89093333333334
5.1381
5.52976666666666
6.27466666666667
5.25546666666667
6.30456666666667
5.8709
5.97956666666667
5.9846
7.20596666666667
7.56603333333333
6.8673
6.6102
6.1569
6.2527
6.5384
6.05953333333333
5.67896666666667
5.15363333333333
6.06346666666667
6.35826666666666
7.30683333333334
7.13116666666667
6.57713333333333
5.81016666666667
5.5482
5.89096666666667
5.1954
5.92266666666667
5.89573333333333
7.11193333333334
5.3293
5.80083333333333
5.8644
6.49473333333333
6.15316666666667
6.2234
5.54713333333333
5.03543333333333
6.0375
6.00583333333333
5.8111
5.53046666666667
6.64763333333333
6.91216666666667
5.3555
5.3797
5.138
5.22113333333333
5.63566666666667
5.89196666666667
5.59243333333334
5.3776
5.59643333333333
5.91696666666666
5.51653333333334
5.851
6.19173333333333
5.17296666666667
6.5842
5.5449
6.88036666666667
6.3617
4.9229
7.08313333333333
5.30026666666667
6.1367
6.16163333333333
6.35736666666667
5.42403333333333
5.43636666666667
5.62156666666666
5.5632
5.9669
5.59023333333333
5.31093333333333
6.17996666666667
6.9239
5.85806666666667
6.96113333333333
5.61156666666667
6.76913333333333
5.3546
5.1158
5.68216666666667
6.37513333333333
5.04456666666666
5.63296666666667
6.41193333333333
5.0725
6.3804
6.01463333333333
6.46426666666667
5.29876666666666
6.2382
5.13813333333333
6.12843333333334
5.549
5.18433333333333
5.6086
5.1809
5.00356666666667
5.70713333333333
6.61203333333334
5.96093333333333
5.83773333333333
5.3838
6.3005
6.61773333333333
6.63223333333333
5.4745
6.11083333333333
6.6722
6.0091
5.57103333333333
5.38753333333333
5.5351
6.89946666666667
5.3066
6.82723333333333
6.5388
5.32893333333333
4.75413333333333
5.86916666666666
5.6546
5.87183333333333
6.82443333333333
5.9156
6.34776666666667
6.31566666666667
5.91406666666667
5.39266666666667
5.97286666666667
5.17606666666667
5.88983333333333
5.76963333333333
6.18183333333333
5.35653333333333
5.41713333333333
5.52006666666667
5.5589
5.6503
5.95506666666666
5.67653333333333
5.09093333333333
5.47913333333333
5.8314
5.47123333333333
5.32886666666667
5.65336666666667
5.94946666666667
5.9798
5.59086666666667
6.726
6.8522
5.24436666666667
6.90463333333333
6.1603
6.73236666666667
6.26446666666667
6.19903333333333
5.65013333333334
6.2558
5.1576
4.76606666666666
6.0403
5.08576666666667
5.73366666666667
6.84273333333333
5.89443333333333
5.9038
6.19726666666667
6.6832
5.08996666666666
5.90673333333333
5.25993333333334
5.57753333333333
5.54123333333334
5.84306666666667
5.31756666666667
5.19076666666666
5.24866666666667
4.4795
6.6853
6.0843
5.68796666666667
5.49613333333333
6.20266666666667
5.14746666666666
6.90463333333333
5.45566666666667
6.40426666666667
6.49416666666667
5.7165
6.21166666666667
6.15126666666667
6.3824
6.25813333333333
6.68776666666666
5.51956666666667
6.8268
6.15943333333334
5.9461
5.33343333333333
4.8575
5.2678
6.15626666666666
6.1473
6.21766666666667
5.9479
5.34173333333333
5.036
6.21953333333333
5.0972
6.70823333333333
4.92303333333333
5.84996666666667
6.50223333333333
6.58376666666667
6.66766666666667
6.35826666666666
5.61653333333333
5.4743
6.42193333333333
5.92793333333334
6.0463
5.15486666666667
5.86656666666666
5.9669
5.94713333333333
5.4399
5.65986666666667
5.7961
5.9551
6.37543333333334
5.3802
6.4211
6.09506666666667
5.7927
6.4581
5.4704
6.4246
5.65366666666667
5.77426666666667
5.885
6.02833333333334
5.8349
6.2765
5.34793333333333
6.82393333333333
5.2355
5.78616666666667
6.2177
6.70026666666667
5.99063333333333
5.40776666666667
5.79096666666667
5.76553333333333
6.79423333333333
5.13863333333333
6.28186666666667
5.02876666666667
6.0613
6.25266666666667
5.285
5.95876666666666
6.0499
5.00356666666667
5.67896666666667
6.4224
6.69273333333334
6.47366666666667
6.52866666666667
6.34253333333333
5.35536666666667
5.0594
4.81626666666667
5.9067
5.2469
5.34523333333333
6.1315
5.6089
5.916
5.9757
5.16163333333333
5.37273333333333
5.52493333333333
5.7774
5.24623333333333
6.65593333333334
5.9923
7.11816666666667
6.28376666666667
6.05843333333333
5.2213
6.38126666666667
5.8717
6.00573333333334
5.86446666666667
6.0647
6.55536666666667
5.8788
6.6688
6.6081
5.60363333333333
6.68006666666667
6.59146666666667
5.23033333333333
5.29586666666667
6.11453333333333
4.8719
6.05953333333333
6.3005
5.80523333333334
5.74103333333333
4.8446
5.87936666666667
6.15143333333333
5.67946666666667
6.86873333333333
7.07353333333333
5.09083333333333
4.82893333333333
5.70476666666666
6.97376666666667
5.5631
5.64953333333334
6.14766666666667
5.96593333333333
5.66313333333333
5.77003333333333
6.325
5.69293333333333
5.94353333333333
5.2808
6.90463333333333
5.2875
6.3046
5.2658
5.2365
6.75626666666667
5.88646666666667
5.9581
6.9392
5.43446666666667
6.2867
5.54136666666666
6.9439
5.04753333333333
6.5929
6.16316666666667
5.11146666666667
6.02243333333333
6.7751
6.46683333333333
5.77816666666667
5.68186666666667
5.5758
5.96456666666667
5.65276666666667
6.3339
5.80786666666667
6.15316666666667
5.35546666666667
5.33296666666667
4.82073333333333
5.38596666666667
6.82796666666667
5.57786666666667
5.19046666666667
5.86156666666667
5.92053333333333
6.03583333333333
5.51393333333333
5.24846666666667
5.86086666666667
6.25626666666667
5.48446666666667
6.31563333333333
6.3884
5.50856666666667
4.90696666666667
6.61063333333333
5.43313333333333
6.1319
5.45763333333333
6.878
5.5991
5.6871
7.3713
6.27036666666667
5.4587
5.4349
5.09736666666667
6.66596666666667
5.43056666666667
6.83973333333333
6.94343333333333
5.1952
6.4294
5.29183333333333
4.96716666666667
6.16106666666667
5.172
6.74793333333333
5.2973
6.32006666666666
5.0837
5.43233333333333
5.90406666666667
5.983
6.57956666666667
6.0164
7.98973333333333
5.83773333333333
6.65466666666667
5.42003333333334
5.58156666666667
6.37366666666666
5.48146666666667
5.347
5.9396
6.0851
5.22113333333334
5.06943333333334
5.56156666666666
5.66286666666667
6.9988
5.65976666666666
5.11666666666667
5.728
6.32643333333334
5.59153333333333
5.85736666666667
5.0613
5.96583333333333
6.03503333333333
4.9096
5.38413333333333
5.9092
4.95133333333333
5.86286666666667
6.0969
5.54066666666667
5.40966666666667
6.04023333333334
5.74966666666667
6.25703333333333
6.66596666666667
5.5365
5.8554
5.67946666666667
6.1355
5.9616
5.6982
6.15103333333333
6.11283333333333
5.3274
6.5389
5.6016
5.9196
5.7198
5.95286666666667
5.95146666666667
4.9918
6.1431
6.3458
6.07473333333333
5.2355
5.0292
7.95256666666667
5.21763333333333
6.60203333333333
5.4503
5.81483333333333
5.8906
6.0322
6.46063333333333
6.14766666666667
6.71586666666667
4.97226666666667
5.4943
6.05673333333333
6.064
5.6192
5.86443333333334
5.5878
6.03296666666667
5.18573333333333
5.8733
5.9611
5.98373333333334
5.0731
5.14026666666667
5.08136666666667
6.78586666666667
5.55633333333333
5.4525
6.1127
5.6254
6.47903333333334
5.08576666666667
7.36593333333333
5.768
5.84626666666667
5.80933333333333
5.25893333333333
5.47953333333334
5.41213333333333
6.3804
5.9604
5.1879
5.65163333333333
5.48446666666667
5.31756666666667
5.54606666666667
6.33843333333334
6.75806666666666
6.7308
5.7863
5.0911
6.37943333333333
6.25633333333333
7.23306666666666
5.87886666666667
5.67826666666667
5.62513333333334
5.8062
6.39203333333334
6.87883333333334
6.47003333333333
6.2332
5.81203333333333
6.08043333333333
5.743
5.14366666666667
7.06136666666666
6.42386666666667
5.9919
6.40426666666667
5.67803333333333
5.45533333333334
5.9241
5.82243333333333
5.1846
5.94786666666667
5.0239
5.51806666666667
6.08723333333333
5.35466666666667
6.31226666666666
5.26673333333333
6.0851
5.81353333333333
5.5601
6.85193333333333
6.05133333333334
6.15483333333333
5.78246666666667
5.76963333333333
5.1755
6.3282
6.76913333333333
5.49036666666667
5.416
5.10403333333333
6.28103333333333
6.1731
6.19186666666666
6.9871
5.19163333333333
6.15893333333334
4.93476666666667
5.82756666666667
5.98976666666667
5.9203
4.86703333333333
5.88803333333333
6.3101
5.44976666666667
5.05713333333333
5.24803333333333
5.7142
4.43063333333333
4.68783333333333
5.12743333333333
5.47756666666666
6.43843333333333
6.6724
5.916
6.18836666666667
5.6966
5.08996666666666
5.17403333333333
6.649
5.50856666666667
5.25636666666667
6.64173333333333
6.02243333333333
5.11146666666667
6.51096666666666
6.98
6.05033333333333
5.17146666666667
6.4697
5.85596666666667
5.7851
7.0088
5.79663333333333
5.47013333333333
6.50383333333333
5.93076666666667
5.60866666666667
5.84023333333333
4.67863333333333
6.67056666666667
6.6066
5.1413
6.93466666666667
6.53366666666667
5.37213333333333
6.2746
5.50353333333333
5.55293333333333
5.52163333333333
5.67963333333333
5.15813333333334
6.58206666666667
6.4632
6.01383333333334
6.0799
5.84536666666667
5.7364
6.1168
5.30556666666667
6.00086666666667
5.9915
5.46993333333333
5.6179
6.01196666666666
5.19716666666667
6.54736666666667
5.91653333333333
6.64576666666667
6.00583333333333
5.8012
5.408
5.97573333333333
5.46376666666667
5.30893333333333
6.65466666666667
5.25783333333333
5.21976666666667
7.36816666666667
5.18816666666667
5.59753333333334
6.045
6.58336666666667
5.75526666666667
5.1616
5.12983333333333
5.6498
5.9161
5.92183333333333
6.50676666666667
5.79876666666666
5.3529
6.02436666666667
5.83863333333333
6.05966666666667
5.26936666666667
5.95093333333333
5.1681
5.65946666666667
5.09736666666667
5.12473333333333
6.43773333333333
5.99626666666667
5.39296666666667
6.7857
6.33406666666667
5.94233333333333
5.93266666666667
6.34743333333333
5.3341
5.3435
6.40816666666667
5.39296666666667
6.61423333333333
5.98623333333333
6.17813333333333
5.8989
5.9881
5.8844
6.41743333333333
5.65476666666667
5.18976666666667
5.8659
6.68203333333333
6.48046666666667
5.60103333333333
5.16776666666667
5.09736666666667
5.96843333333333
6.03736666666667
5.2664
6.0095
5.12593333333334
5.8717
5.27406666666667
6.99243333333333
5.21136666666667
6.95833333333333
5.34486666666667
5.89143333333333
5.16846666666667
6.69093333333333
6.98543333333333
5.3993
5.38343333333333
6.02533333333334
6.45373333333333
5.48506666666667
5.9317
5.442
5.7948
5.461
6.35346666666667
6.0216
6.23736666666667
5.78566666666667
6.38123333333334
5.73393333333333
6.3183
5.47133333333333
7.3505
6.631
5.8971
5.5971
5.97356666666667
6.1027
5.48356666666667
5.92356666666667
5.3494
6.04176666666667
6.54443333333333
6.5068
6.15063333333333
6.01603333333333
5.10403333333333
6.11693333333333
6.99246666666667
6.49663333333333
5.49646666666667
6.26996666666667
7.3505
6.20666666666667
6.00583333333333
4.94453333333334
6.34716666666667
5.3686
6.07666666666667
6.13103333333333
5.8878
6.87526666666667
5.99123333333334
5.98373333333334
6.59653333333333
6.49473333333333
5.628
4.89903333333334
6.2359
5.84543333333333
5.86533333333333
6.48203333333333
5.10936666666667
5.4358
5.895
5.20566666666667
5.95296666666667
5.5395
5.86303333333333
5.93343333333333
6.0902
5.62903333333333
