5.52631128365487
5.93105020772708
5.2315130899623
6.16030253055292
6.31998413868829
5.40731862873751
5.1625689132572
6.29001464304838
6.62839617617567
6.43830855885
5.30535794461717
5.65134911045665
5.91792049189105
5.58498481718603
6.62442894433038
5.77872915345334
5.44766159495893
5.69586768992834
6.03153987301944
5.5288311230351
5.29953138432532
6.67031854831145
5.59744370900406
5.80262369398967
5.84948581374322
5.00063222179646
6.56727747909106
6.02660553080666
5.47189708594207
4.79742800941791
5.13920583622135
5.7695545358542
5.88958183880231
6.34047070315818
6.42193494877413
5.89678392679612
6.59020826325989
5.78619309869163
5.54608139158989
5.59697672822661
6.72558329585901
6.0378765441949
5.12388702901365
6.388100941937
5.8754077843517
6.5757517392921
6.38226860388481
5.31229041680165
5.99234422908183
4.8396726933811
5.29597917626735
5.88632674829138
5.97089717281985
5.50119225440907
5.66908277427771
5.29247968260523
6.27100955675273
6.60060914922758
6.14436374807836
6.1221616737904
5.64885014002902
5.40710639986723
5.94498710871772
6.18525595268622
5.69215484355102
5.07874040030194
5.49739435243619
5.80078556330464
6.26152834715058
6.40909014955641
5.13964186366719
5.94568976911795
5.34691251226979
4.92392932508685
6.71235884306723
5.28666701635243
6.10703796614303
5.78714489664999
5.50882353884917
5.58889145441169
6.21964553489096
6.23488334663073
6.04974434727068
5.71360263889364
5.23478155754459
6.57082328621909
5.98895155535495
5.76448146098585
6.11307903220688
5.33821459709129
5.81355805625162
5.76522150797332
6.11332868119263
5.35121107181367
5.83796800238305
6.25363263571816
5.49078808777618
5.95197958153619
5.95171279016318
6.10303853738178
6.26389008017789
6.23266981503316
5.88674842294542
5.47728187951483
5.89288167305722
5.38824043665341
6.6605800212565
6.8562348589121
5.51557164957807
6.53984299755581
5.12461299274497
5.7972149688096
5.72914005387915
5.00869851264112
5.51065876510679
5.90538549868924
6.7066983337057
4.3040224589288
6.17582889057831
5.71587128599794
5.41684217173828
5.91074855506728
6.04606885937282
5.76924276032334
6.33667275751781
4.86006745942675
4.57303834506445
5.50471420625368
5.23589262986216
6.32156705558807
6.05587662365278
5.19848380740048
5.95936362761999
5.53787989090923
6.01323181286954
6.68791368493272
6.24455759905478
5.67355083133727
6.48560388973823
6.37208148506121
6.17106560058464
5.18494114552163
5.54214020494337
5.56792320745939
6.58053775291767
5.48996199261733
5.3628846889773
6.24815620983219
5.58783355402341
6.11044167502331
5.34133113579159
5.70198599609945
5.85185808834704
5.99145988744749
5.57392714206211
6.46805480431
6.77204077646083
5.7348775247073
5.43972948367012
6.02039381823467
6.32290673879076
6.31974456051537
6.28264487969337
5.48569602137407
5.92026004755636
6.44860846356636
6.08308821338146
5.63772860671095
6.4833469833769
6.02650516934431
6.42471842251526
6.27655440520829
5.86187096638834
5.36103088021788
5.84527614051869
5.94340917474131
5.86224856805893
6.78055527308223
6.77776376673697
5.91069644987174
6.52306499757767
5.67668058637127
6.61441352413459
5.48115570995521
6.45275923014183
6.04161554464802
5.98712096868347
6.76041880983171
5.65087267002565
5.47751701855481
5.03623962644127
5.73755084226252
5.49727498763025
5.81815813464888
4.73267475475754
5.08979503218955
5.90473043066621
5.50328355709387
6.18716671339709
5.99460942048104
6.19720184791868
6.24523638519058
5.16957736561459
5.62456934432804
6.41246932782228
5.7517317066364
5.76156259045905
5.43709391429405
6.33093085830091
6.16768101675491
5.75535027936139
6.22278337448767
4.97377651576366
6.10960222389538
6.44984249546622
5.47768522850922
6.43925922371762
6.60279017183698
5.30078006926771
6.32185706076014
5.58371441849194
5.62824707817716
6.05808368671107
6.14331231532398
5.87539522578048
6.86561103750216
5.79015030774786
5.69853441691574
5.73374068171047
6.44984249546622
6.34141759979485
5.839891487281
6.02737603986711
6.14685151351733
6.12805296011096
5.98107440632418
6.1989389243223
5.71225564277047
5.87710648016615
5.82434850555945
6.04934245494382
5.98211618299797
6.03733115008183
5.56602022120098
6.48060660842004
6.30648911095371
6.40251319122287
5.62150876036664
5.82881537315016
6.67491886224546
5.31320015561328
5.31230670055641
5.96374270472054
6.43256907058922
5.47917720298095
6.47997673535443
6.02284379318691
5.63076041996492
6.8322209480064
5.67449215484505
6.43782661371045
5.44546722435123
6.78111895734314
5.81114014237821
5.68038926102973
5.18781008890695
5.35604915288364
5.66360856855024
6.52089017000091
5.11416860943866
5.40470976272131
5.83343354381653
6.8354700185367
4.92685331117456
6.15213731932483
6.19504788553118
5.31608294198391
5.86969070121271
4.67914248944077
5.43632812657374
5.60701622731203
5.34515030179048
5.91767805203246
6.05460093289639
5.49173685213015
6.78080894011302
5.78780392762003
5.50457198266069
5.90106130905749
4.89876994512365
6.34643171022804
5.98189472333003
6.24279680848458
4.9970080397405
5.85388020141118
6.43745177725116
6.75659230444365
6.07615883071303
5.59364067891088
6.00759588758392
6.31929489081378
6.67373493950704
6.15820958479625
6.22278337448767
5.17382154402762
5.8527617013075
6.02006411656823
5.56165826769181
5.38557830924346
6.18700479980346
6.16622961736911
6.07982682477447
6.14337470520583
5.13137716180059
6.57116676730042
5.80067692650763
6.30558070913929
5.71362780055018
5.78824496337834
6.58909775497214
5.83293654535165
5.79534146375659
5.81023210771759
6.25729175159088
5.24724187123714
6.26317296505272
5.81369970678085
5.87804679108878
5.84692664113369
5.19834215699444
5.64508357305947
5.40792611390942
5.65858332728041
6.56763481597796
5.72861148931821
5.47700310558961
6.47481884096223
6.19667791705527
5.30329732774536
6.09322571555863
6.10185479617716
5.76991470674374
6.24123179955788
6.13246789590162
5.420106887659
6.78227493244749
6.15664209689412
5.90672797834513
5.76139958413668
5.91574982436992
5.91255783274873
6.33403183885338
5.47478821974478
5.90857408042888
5.33870648340232
5.9088753342335
6.05942667448715
6.14567003420444
6.35328779540495
5.76052495877049
6.03973779594005
5.38259928751246
5.75220516679377
6.1184713575951
5.64854750796026
6.18758937947726
6.82176522266129
6.22063905597374
5.80490436976451
6.33025964194917
5.34395886299688
6.31319568747806
6.38848266259105
5.53072659241119
6.61752804805078
6.12953971248512
5.84628939319674
5.82683290725245
5.17967656838625
6.57417294020181
6.42482083570804
4.98592122621109
6.15718491446425
5.86498638193298
5.67269177997366
6.43831027976585
5.38181772427802
6.28553430332689
5.91372546172062
5.29276133157276
5.58252339419941
6.15647189961597
6.0210455929376
5.29966887075422
5.1669897414099
6.84886364396247
6.3821931570388
5.81515207258605
6.75354592805379
5.91264192941417
6.16497261783615
5.72611148135038
5.31230670055641
6.0439759568194
5.83001629528963
6.3274890648615
6.31667249578956
5.62558170157666
6.26955090047778
6.27407826987653
5.58498481718603
5.88879555645096
5.96831600094471
5.29414764810085
5.60315812523506
6.10104698593222
4.61456458083522
5.37849364596118
6.20023630430161
5.04021574100068
6.07023566477706
6.08862967548637
5.85986707788362
5.77463764244716
6.18788195139464
6.17728239934043
5.36912420624544
6.71889048992662
6.04079523956516
6.43745177725116
6.41246932782228
5.70293287014913
6.11792785855589
5.62100736107067
5.57750704296349
6.39823646188232
6.95946462091837
6.41631919684589
6.58053775291767
5.71608335757795
5.13921980564041
5.7083866283624
5.62738933032589
6.36599441309407
6.09684563767552
6.45541081831619
5.47143296819281
6.10296190366641
5.95713702563775
6.24180243599999
6.35106449629332
5.9943725573186
5.38238977102972
4.97794361764937
5.98712096868347
5.42566440245965
5.93428367622966
5.7695545358542
5.91396941247513
6.76564479866317
5.19694610150428
5.4871778986912
5.64084794807436
5.52996926796633
5.83591923966018
6.10394155820252
5.82755478262355
5.83256538307859
5.73978369049246
5.89929633648508
5.83197027630858
5.94066001235822
6.32078947298406
6.06613193166705
6.70112903602518
5.80929988369155
6.37746001835239
6.15647281261541
5.95934743335212
6.98755956246059
5.85706550073647
5.88903794023741
6.55481074180084
6.00463508922858
5.2701626116546
5.92290879547291
6.00555839525578
5.2861715819431
5.52797942699848
5.65781423975563
5.64150213333187
6.19070773067602
6.48159267997543
5.79632296942972
7.00287331182549
5.20954718474642
6.5541805840804
5.34664004454512
5.50433964340097
5.38019610725761
6.09236252239686
5.83483717501316
5.71214640927899
6.30101996771205
5.43210348842468
6.34239428116102
5.98417329943938
6.37823385101516
6.04260841019938
6.5800842279989
5.53203049452296
6.16939854526414
5.60534740197499
5.16478791048088
5.57722510369386
5.57804029996494
5.25189059292244
5.84692664113369
6.42983263879904
6.00786011403463
6.04493148574516
6.0989407546786
6.21033128596209
6.68252870068771
6.31462115827118
5.63346033733623
6.26334871679361
6.36487658194477
5.93161448664634
5.48792555480054
5.62363261816886
5.32745295134844
6.777210139226
5.90691058872567
6.7486124840036
6.5019067754912
5.74478575873025
5.33050413149468
6.4992597479138
6.1901126579465
6.00705184304667
6.59804919432307
5.930466601902
5.98623162827172
6.72362919267329
5.84997251599448
4.74125955498025
5.71993609088296
5.24931690458853
6.06836439053597
6.10661235015026
6.34477229248529
5.73207644409966
5.11231931542632
5.66391879005121
5.55836395668398
5.4981078333239
5.80396169416996
6.14654853555254
5.3522509548164
5.52174579784019
6.05018524731224
5.3352363072303
5.63984990826657
5.88183435040352
5.89958499877186
5.83164056795014
5.42975743955466
6.70374282415167
6.64554719132026
5.26559485806331
6.47171647979969
5.86738572724085
6.29142452371045
6.26063800385601
6.80080660078765
5.72207191305629
5.84243986277755
5.22300102600561
5.91415134932664
6.1016529420228
5.80994072794758
5.91255783274873
6.14194261017832
5.96289258291898
5.95107492682389
6.29036080840865
6.27749268559133
5.73374068171047
5.65258823811645
5.80255994153394
5.64631509639573
5.69623439283353
6.07164647124435
5.59097135311355
5.5935756148804
5.92967135503856
4.95318607274581
5.99447323402389
6.63084718386314
5.83967303643823
5.39272082405981
6.37171058366404
5.2357839274452
6.47171647979969
5.42795918231729
5.62150876036664
5.95878141006306
5.64302380847083
6.26108187207349
5.92625566528529
5.55437983750179
5.98503055919079
6.33976306740613
6.07960796193867
6.43300939350702
6.29581912827837
5.77156287663287
5.30465539331131
4.5702321908279
5.53581605572671
6.67859095276104
5.84009507536769
6.47165692608188
5.9944016660554
5.57562748489686
5.16459107879337
6.76060175210576
4.66495703564578
6.74587500204454
5.16566644014124
5.51227803028638
6.33300747637722
6.58084171816095
6.25280767829646
6.39823646188232
5.54857223448031
5.2257575574946
6.08673511649258
5.74814697516384
6.17895199962449
5.55842246726824
5.82479537666365
5.52797942699848
5.93200641897153
5.13604140569378
5.88311343358592
5.60222431195657
5.89503607032288
6.35031794311551
5.27722024191043
6.5520155010516
6.25616743678114
5.6204833768966
6.1972710756164
5.88169525414557
6.36279648058868
5.64159125645332
6.25485104099904
5.33582880765082
6.22063905597374
5.88484266658123
6.05745347239475
5.34281798978962
6.46805480431
5.21238616704408
5.99456651650754
6.28489207164426
6.25519179366049
6.19303522709466
5.43179399970483
5.35339262295976
5.88648334724478
6.63094204145956
5.25351138554605
6.21299415271895
5.22171668386024
6.15494544493896
6.31868320229025
5.65982945939389
6.11172372558306
6.05222036733019
5.25189059292244
5.94651169936068
5.99426246923323
6.00104082366073
6.06895294187143
6.42235716398713
6.38832364721432
5.73961712248968
4.76152707330503
4.72567880824102
5.69416833184194
5.17888609452272
6.32133644761069
5.98820931847729
5.78619309869163
5.66599741353519
6.41892255367209
5.6070103514962
5.75750230664372
5.54188471829263
5.72771127295376
5.32046532894607
6.34666098173457
6.2643013101818
6.82499645435217
6.22876723953861
6.55750295106969
5.89237020752195
6.55792773147468
5.4237773939568
6.16446217897316
5.91264192941417
5.87850447544618
5.92883089533445
5.69616813220385
6.40655827266334
6.73633457446485
5.61878521879143
6.88554753127986
6.44497701165485
5.19021136533619
5.32626449675154
5.91681282892096
5.00401153361227
5.70293287014913
6.21033128596209
5.95032599045983
6.74663303309007
5.13237285750763
5.27219482749062
6.7196344620494
5.52661036760902
6.57522476198477
6.46237729896458
5.87920329515133
5.10690687924698
5.3555424583635
6.49965214936892
5.51767925311508
5.45258258902762
6.110408937038
5.73530459322451
5.63628912711458
6.25501843027184
6.5106513103738
5.40592997343769
5.5084207662753
5.45962227242056
6.47171647979969
5.66470382765391
6.53118513826444
5.59814279367227
5.32258667808244
6.65091650060016
5.9208527196994
5.89973773524785
6.2463348104273
5.48374896738385
6.29928630415654
5.49059921484221
6.45677645376512
5.30357616348289
5.76998418577279
6.46962833134065
5.62991086280465
5.86379911758529
7.10796318325781
5.69482596653693
5.31826363389169
5.82619942694964
5.6319765133156
5.76263091381471
5.10692499695109
6.37899466321418
5.28520281099252
6.35106449629332
5.28618104926209
5.5428326213211
4.56322794435997
5.85119193347487
6.18844080981855
6.02339250135452
5.12458088180217
6.10372355013764
6.01906629408023
6.28505985641805
5.97417783036075
5.59405916743092
5.58299690295355
6.19915128628559
5.85890334684638
6.11945226637366
6.2757094387343
6.25140830989924
5.05293338657993
6.05348994605432
5.83323063583891
6.31942183488886
5.61819991981603
6.81657322772798
6.35188992273807
5.66982657760593
6.46997465297182
6.29917417956575
5.40470976272131
5.48355771650018
5.16452106684056
6.33970736511159
6.15647189961597
5.52512837983058
6.79611302704982
5.59185715140947
5.66335964390016
5.52984723801432
5.52871563462041
6.24788069018075
5.31549554896614
6.45694201355469
5.47751701855481
6.46885812862752
5.1908721182157
5.70257847332708
6.19707947994291
5.94122914464371
6.00470551965304
6.05486321899156
5.5387933396019
6.04493148574516
6.11618948201682
5.54968110492481
5.22579924290998
6.44338074963851
5.67767398873601
5.00189650313709
5.80508841682155
5.4925390766664
5.07792131673694
5.15520050398742
5.79896322843259
5.62432504945379
6.69405098290466
5.56057586210621
5.46061763157238
5.75924185372105
6.11045444635441
5.84033074799598
5.63853089959094
5.30795975000561
5.47292701895335
6.14194664021999
5.00108674850949
5.67673350035374
6.03700457316968
5.23186246581498
5.73916937727216
5.86943666484919
5.67586757053761
5.50327099765182
6.00166869305271
5.70693979974357
5.90328405390057
6.33970736511159
5.45066769941424
5.57324392160147
5.52661036760902
6.43112024447645
5.89376870786503
5.81564859636219
6.37098267469721
5.73329622785868
5.67793274585636
6.6144591056484
5.53855630422046
6.017838309257
5.6088457695529
5.91578068309253
5.90970631320926
5.05728783474558
6.1095588658176
6.37510249983395
6.03517434374266
5.21238616704408
5.38002189718321
5.63442274721627
6.25264429895579
6.68352301329617
5.71571542646391
6.02078933411487
6.08821248989847
6.12834369682604
6.7127749021109
6.110408937038
6.59118035831864
5.22439336160072
5.11578691832557
5.93602812086477
6.15332480318054
5.7949530210378
6.16493415755631
6.28686868712224
6.0082571459817
5.47902141650859
6.19474856452599
5.94902807473597
5.95519719217123
5.10539110595292
5.35354286801998
5.55436891728675
6.40996554561218
5.69551393530103
5.93895861940825
6.38433376273531
5.7603133131076
6.10122071648463
5.80994072794758
6.69211818590854
5.94159506910378
5.73817225641079
6.06250732709889
5.74987839380397
5.62433105580566
5.80098069738958
6.19759718582286
5.85835433216547
5.0623328718828
5.61577747988267
5.85890334684638
5.59097135311355
5.35363081782127
6.23945387172137
6.4029132617378
6.23417119290165
5.84902502109695
5.67938700313483
6.86510333938034
6.27400435538127
6.0414123366877
6.03615280084892
6.30611809277327
4.94864189091852
5.95666936234282
6.24767970499611
6.2864489386456
6.66572674510593
5.71715465632445
5.97903073968021
6.15290831505817
5.81808075016243
5.3028504773638
6.7534612755892
5.89578368240344
5.77692395354687
5.62150876036664
5.72460563746316
5.61500955051456
5.99294798465181
5.9257487012617
5.11698481434269
5.71518603573975
5.44328111130744
6.21262889361883
6.35749896494399
5.50277750223765
6.24237334301736
5.41700088030392
5.4925390766664
5.84903631818849
5.70072770739491
6.12524445380109
6.35831568407345
6.24519113741977
5.42566270910953
6.10661235015026
5.54922793870905
6.89845902942449
6.5541805840804
5.50328355709387
5.68303271910705
4.71160039387289
5.67342478450156
6.04779357482178
6.23535043715462
7.16437279202242
5.28860364148079
5.96554386937768
5.14298848619157
5.83488623612806
5.83071118683673
5.84567676306095
5.1363469555284
5.74338805893615
6.05416597737913
5.87043781810257
5.36309530140935
5.48873493739607
5.97825149664241
4.85685389148731
4.6981066743678
5.23450604084075
5.76632649394028
6.58710130221192
6.04701674657584
5.66599741353519
5.81450209084232
5.23244321275325
5.73374068171047
5.31103115960393
5.82069771173249
5.87192590054637
5.39583786422254
6.04379240003208
6.17125689800014
5.62991086280465
6.39863195891692
6.38456130087809
5.69986110274069
5.37695717822813
6.03606039160394
5.7468473704136
5.78269211995962
6.82152212015264
5.94931537756821
5.49828763201253
6.58390311252107
5.8351359198417
5.2760352318248
5.8457151687149
4.69679097291155
6.24441661291768
6.78324387881277
5.00378539352134
6.62442894433038
5.94076362616602
5.40783713765131
6.04373866971831
5.9771050323806
5.31884333253894
5.48134364051974
5.05398190137503
5.2418526192986
6.64924315376399
6.30703094754127
5.98703770843395
6.25764051363273
5.87347487579121
5.32244724053886
6.08252224948952
5.33241435438264
5.86686297515566
6.00532382076658
5.74160241141639
5.54254757797541
6.00293817564479
5.44791326974622
6.53871308467471
5.65084932689318
6.3640157305374
5.42566440245965
5.67391061047352
5.09325310953226
6.01323181286954
5.68702333335243
6.06436900298273
6.11618948201682
5.5751680136981
5.63583881367204
6.44069619001972
5.488841133509
5.61049660561193
5.74929213210343
6.7206143275722
5.70918739434785
5.42562452077422
5.56141671168031
5.36209929463406
5.95913401597172
5.86221274773987
6.51502053241561
5.59855468137824
5.73586653561607
6.09734500702805
5.61316225207271
6.10388101427097
5.24687625252454
5.64755460631731
5.16064037677722
5.81633012313851
5.16452106684056
5.54194191066225
6.32422742138998
5.4467496924988
5.3390202210199
6.39261983897705
5.86224856805893
5.76467351793055
5.90403014124799
6.41919082096508
5.39094669492605
5.89486387359072
6.03424308813837
5.3390202210199
6.73206546262521
5.89660303944572
6.10179965662522
5.45586632941513
5.95116342689378
5.54431996086362
6.3362438121096
5.43558580715014
5.20256435508868
5.88575606153426
6.46166597078948
6.42529363229205
5.91270486615215
5.62975629500256
5.4073360872558
5.16572486024164
6.0509828431194
5.22536825358596
5.7377468854171
5.27620228898117
5.51155369960301
5.53913190208626
5.57547993017864
5.43999038240017
6.40814112964603
5.56140968777803
6.16133697349601
6.11074190948062
6.56943679324051
6.70146828022447
5.77445555016492
5.85838924818802
5.53927029118053
6.28068489185532
6.4669271825389
5.88157232014591
5.59849592721968
5.63519005099666
5.34628452268861
6.60406600230959
5.65952011948182
6.44007170642268
5.95074112034503
6.24015859332284
5.73767204179074
6.0957256104211
5.28454700765618
6.31710268172774
5.97886425008384
5.71569816544192
5.9615168911556
6.14443480484471
6.10924667607897
5.63033811086849
5.76903510724064
5.50145889185328
5.89671066166892
6.43782661371045
6.58418027029963
5.99170535733389
5.73124839755157
4.71160039387289
6.29703874927345
5.47478821974478
6.70053220684434
5.77756730833393
6.49557036459881
6.31710268172774
6.49786527810682
5.42566440245965
4.83580166184923
5.71223580725205
5.61839111905752
6.09509353057687
5.97953591246973
5.59364067891088
6.36153995066892
5.8762491807181
5.95519719217123
6.80984528131844
6.24180243599999
5.55573119086286
4.97721552180842
5.95082673795499
5.40418877492392
6.23722384261444
5.55259931035222
5.07622003831978
5.77980728284112
6.0174057040188
5.64964239108136
5.92991527151905
5.38565961034228
5.4495077911459
5.71423861658267
5.98878738670692
5.37985396139219
