5.51622438984252
5.95273015826966
5.23494903025069
6.17661683954798
6.33627273824468
5.36965556163346
5.15979897073312
6.2767112141979
6.62672925203201
6.43173561239185
5.29573525861608
5.64974439572543
5.88859584849512
5.60662490727163
6.61796663954202
5.78258709730823
5.46437109685826
5.68860907760472
6.03339730994902
5.57625823760904
5.55974860160381
6.6938370148543
5.59228867148471
5.79481425773135
5.84447634151364
4.985228109708
6.55830248855307
6.02628967625774
5.48380427921025
4.77329552114514
5.1852397780663
5.75255360280039
5.88891231190475
6.35477569903916
6.39156476875592
5.87598772323226
6.57850694786792
5.77898322676669
5.54478959616992
5.59829118785205
6.71301554386998
6.03406278981458
5.17165346328612
6.38197187552374
5.86550533607814
6.58675582273415
6.37036351231107
5.32889621567064
5.98993909023851
5.00813517139535
5.25590837553256
5.85801299333884
5.96133520723069
5.49624308497451
5.69080834982802
5.29086900143801
6.23483823900327
6.59626275616136
6.13824324674836
6.11255602488711
5.65101214140846
5.38386025366083
5.96048969949435
6.16801536288195
5.70363728233722
5.06218774513227
5.4708045660465
5.78737858411135
6.27229038677601
6.41460673753547
5.17501376075551
5.90629483309381
5.3560252903976
4.89088833144859
6.71528461434331
5.26873526526627
6.10153417522722
5.77811300625396
5.499824057078
5.57196640565799
6.22332734565796
6.23779488643306
6.0578471054807
5.71945908179393
5.22817643074966
6.58171372687044
5.98110600444539
5.77056387313028
6.09942714352671
5.3574105158254
5.82187236233731
5.75552116348183
6.10232333670992
5.37020167350223
5.82926866181148
6.25965533798225
5.47045615919123
5.96929298165365
5.98097029046188
6.07896100898056
6.27192848189927
6.22539335801173
5.8789540094418
5.47773278642179
5.90839296880446
5.48108524922902
6.68120200722625
6.86133268507279
5.51923157711867
6.54446039446451
5.12533151446879
5.81919266062849
5.72058891026146
5.02448251901416
5.49497858837123
5.9135640242254
6.71329975211516
4.53681716511083
6.18194274930807
5.71542809967392
5.43000750872723
5.8837988686929
6.05770992957994
5.7728686971056
6.31006860070515
4.83010120989771
4.57920627463313
5.47883781605308
5.22693595995506
6.31257521277483
6.05151741921868
5.15228335589522
5.97128084719517
5.51560470393716
6.05115038860062
6.6985961179795
6.23899150671679
5.67253776232119
6.48586148276479
6.37397543088986
6.16303691921274
5.22510894702152
5.50956157718465
5.55766200005369
6.559571604444
5.47872226849265
5.38809820611563
6.25693209365177
5.61023040834897
6.13939382974922
5.35861708191741
5.70042381618548
5.86311798433952
6.00036201835614
5.57506085686044
6.45247606814876
6.76056839656663
5.73022320700638
5.46198601149417
6.02460919155597
6.30728432706104
6.30967811330578
6.29128014256499
5.50135812527634
5.90642614003004
6.43562642888088
6.08334426999042
5.62361596564602
6.51764454349297
6.0153301337212
6.41427913077383
6.28801133129161
5.87196438395414
5.35365276237137
5.83568246455945
5.92494020826721
5.86431993069051
6.78802169250914
6.76850307386411
5.91702364753642
6.51241523256037
5.65127579601934
6.6158134287088
5.49788260672929
6.44310399287458
6.06156794457506
6.00060746169766
6.75568997872288
5.63218905876022
5.50378071201207
5.07404863655733
5.74286996304992
5.51509270544892
5.81635187702423
4.69119478988068
5.11166155926345
5.9069254775115
5.49671538433354
6.18876531652504
5.98808679832874
6.1947725339573
6.24804885481785
5.17353320307948
5.61797366543252
6.40304073425005
5.72687165834871
5.75116549567924
5.39847550217119
6.3162490842109
6.15447056868793
5.7605442075253
6.22099027929773
4.96465042979518
6.09592501651395
6.43736568351571
5.48091635262089
6.43632147440429
6.59695305873603
5.28840644693095
6.3097541015891
5.5897044068521
5.5988921866177
6.03674581706225
6.16834950853651
5.91949906462758
6.87488424961913
5.8016636274287
5.6604354682842
5.74104869413151
6.43736568351571
6.33938656767026
5.83542948968566
6.02579420915946
6.13259133641553
6.15395933366438
5.96327258473488
6.20498665000661
5.69404347993588
5.84909075576044
5.80332681846345
6.05788259690276
5.99220441501287
6.03075717229711
5.6061836390555
6.48591387098287
6.29101122505365
6.3633586058593
5.63551146419885
5.82553484657389
6.69371699581064
5.31820398354053
5.28386595342785
5.94131624518968
6.44577043099509
5.46155791135934
6.48803374506216
6.0507282052722
5.62615826306023
6.84103524254205
5.66530574120458
6.43479416217678
5.45606326645902
6.78043769290726
5.79433798980525
5.67243304609038
5.18467239245022
5.36133770378264
5.65803095097816
6.54063888274414
5.14081784326019
5.39621526431963
5.83899205080851
6.84862251462737
4.91467549733054
6.14901638549747
6.20164222895917
5.33518338257783
5.88111540759953
4.67085148703511
5.3918836335509
5.60820316539462
5.35633714186654
5.91029315948984
6.02731832603867
5.51404798172314
6.77875238677785
5.78413980058834
5.50805801947324
5.88112241904736
4.86128811985464
6.36084605086766
5.9489416153688
6.25155881100709
5.02049355437427
5.83611008014473
6.43211310254481
6.75164006295503
6.0912301293668
5.61066053558847
6.01401954473775
6.33806875602659
6.67125339594669
6.15904825352924
6.22099027929773
5.18165682959252
5.85318059898446
6.00027089809148
5.55939591165944
5.49722616182198
6.17651897241943
6.15234489068901
6.06046805597814
6.12908920940277
5.15977284133392
6.5808729112769
5.79224512118996
6.27974417366157
5.70711591953048
5.82933195379292
6.58179488564568
5.83921818677598
5.79099964069138
5.76821179821745
6.24937870075066
5.24461180030676
6.2367464832279
5.80292117405864
5.86271452584923
5.85398313707858
5.19336649531627
5.63733941675111
5.40151411056229
5.6480885786242
6.57990920296013
5.73154872384113
5.49396995988054
6.47528545984474
6.18609818585997
5.32366249637124
6.06675784140507
6.09293353790068
5.78200495457322
6.23042309613836
6.11371334405743
5.38520862661957
6.80196470988946
6.1632348965571
5.91867379969436
5.74297498333526
5.89918317186777
5.90021190804912
6.31513701587811
5.50163446650679
5.8657272879841
5.32458404404488
5.90603697816603
6.06593708471862
6.12956919296548
6.35567554257511
5.75157769163063
6.02951242504517
5.39712587790468
5.77995875808024
6.10754214312316
5.64027762235784
6.19026309756601
6.8151863531482
6.23127334185772
5.81530350536522
6.36752570436258
5.33261100508233
6.34965690195924
6.38759804280908
5.52107877883168
6.60938709993648
6.12651423120589
5.85697227605051
5.80210621834047
5.15942777775435
6.56240713347114
6.37763069859182
5.00285832716309
6.13847536291177
5.84165868236818
5.67269426704042
6.43426391544389
5.34843552961728
6.26961289844978
5.89816080608986
5.30056770804826
5.57966934020411
6.14743601436222
6.02436311129794
5.32426410047664
5.15819871750581
6.84575846615425
6.39927202270604
5.81214407102884
6.7564791547071
5.87924821743149
6.18747084785297
5.72113445370871
5.28386595342785
6.04574435397073
5.82681108166948
6.35200314070335
6.35315902897201
5.65452206446766
6.27719869069414
6.27612924384344
5.60662490727163
5.88298750273719
5.93021887301495
5.28616660189806
5.59065762455143
6.14528169775653
4.64850840102208
5.3491768704333
6.19448348635615
5.08527306670001
6.07012386293776
6.06582070674408
5.86415434593916
5.76885027000631
6.17056922244148
6.18540783229135
5.38141704620102
6.71425398941301
6.04036519886642
6.43211310254481
6.40304073425005
5.71772485055768
6.12028424532
5.64121156901592
5.55047874577991
6.39460749831553
6.95828740225548
6.40079981591445
6.559571604444
5.7347249692346
5.1693656576278
5.71773280222395
5.64688804268497
6.365951793507
6.10227543440693
6.46626575270005
5.46262893919087
6.12295216547798
5.94977531434419
6.24466037007189
6.33801721739377
5.99410510622488
5.37989746902841
4.96651063809917
6.00060746169766
5.43928876338107
5.93255047429567
5.75255360280039
5.91169358511382
6.76905430633098
5.20469672454821
5.47032941319065
5.66248435066946
5.51438400602499
5.81040544742102
6.07659148269726
5.85385250781815
5.81738181894939
5.72748904098131
5.92274676101601
5.85239943225218
5.94451852635904
6.32905172539328
6.06428572154909
6.71353900923013
5.77728366264368
6.37096945959456
6.16764082735381
5.96239194077083
7.01178990089666
5.86337853081492
5.86592900192343
6.54117342529271
5.991460350873
5.26094601420089
5.90114659932527
5.98346597516218
5.31024951959064
5.53049991786778
5.64324053221216
5.65483457023318
6.18116588986824
6.48554491962191
5.79252592496148
7.02217889058561
5.16319634346647
6.57222544541618
5.44689044811898
5.52399572327344
5.413407156279
6.06837052598278
5.83824333929127
5.71156072106621
6.2893625412017
5.43095335614738
6.34120384187192
5.97484022363208
6.37618643129284
6.0343276170722
6.57511455369221
5.53403776635017
6.16373692305596
5.60554923601805
5.1890781282067
5.57504109892371
5.58279622165371
5.25395446907121
5.85398313707858
6.42185769107602
6.004046210856
6.04452854273212
6.10694428467275
6.212631766734
6.6779761339788
6.31612674469853
5.63724282944276
6.26222514420934
6.37704024584895
5.93504592886906
5.49827986748699
5.60723204504774
5.33649203874711
6.78407298087899
5.96994029073581
6.76152038126674
6.48909589700909
5.75675435527594
5.350075947555
6.51017193038621
6.18415122685213
6.01589292844659
6.60142850257644
5.92349177240736
5.94720055373567
6.71590836990886
5.84131544053086
4.79118876410951
5.70515839472815
5.26039838901835
6.0616285743114
6.13213501926649
6.35896839818612
5.75399496807086
5.22480908958136
5.65068914832251
5.5429780835001
5.52092015039732
5.80311784881333
6.15007170763242
5.35429980432147
5.53150316050592
6.08356362354296
5.34072338313274
5.63862877168841
5.87645591295049
5.89243844176123
5.80542700039684
5.42201902464686
6.69973660133757
6.64786469114368
5.24212658442165
6.46784795608407
5.84998741353863
6.2778085657607
6.25641955774553
6.79311465909332
5.66560169969739
5.85058198972379
5.18425894911119
5.89864789590269
6.10113918149112
5.85318401177222
5.90021190804912
6.15288645107018
5.96520396818493
5.91479919317268
6.29072091705005
6.26823038662793
5.74104869413151
5.65411615462424
5.79595311656596
5.64915285447312
5.67521378332571
6.07696541307525
5.59177230392367
5.58425965500425
5.99371252656719
4.93820779068955
5.98805805543078
6.6277991157482
5.87124784551162
5.38916442824187
6.36765767419551
5.21913392635287
6.46784795608407
5.42074620290719
5.63551146419885
5.94347865079352
5.63797503216894
6.25704420326279
5.89024846477703
5.52492826766417
5.97608373040278
6.33246874765918
6.05457861685667
6.43622927096086
6.3181109040389
5.77661454315078
5.31086170059766
4.65046253183204
5.52285639686709
6.67505353906819
5.84108038980653
6.47245506099387
6.00235365704217
5.59637677230109
5.15401379893501
6.75550483751563
4.64519276295032
6.73944311330111
5.2005041249318
5.46183692996902
6.31606937155903
6.58138962391694
6.250496690234
6.39460749831553
5.55655261140194
5.2165789546674
6.0914331307565
5.75800784089199
6.17735067588685
5.55395112793545
5.83754120721964
5.53049991786778
5.93046441106158
5.20264916435202
5.88135826582307
5.60999732483863
5.89773512648286
6.368949507888
5.25984420365326
6.55975487108259
6.25860676466949
5.62309739815853
6.18962521417253
5.92112447804988
6.37682593524013
5.64025974545766
6.26912829589821
5.31526020671357
6.23127334185772
5.89161284678766
6.04166069124653
5.42389081219272
6.45247606814876
5.22070800564642
5.99997811366365
6.33405041185205
6.24985428982781
6.20686610688039
5.38666301804927
5.35752023343717
5.86961743217137
6.62131204419641
5.25701400636199
6.2036890436772
5.20906524002349
6.16176546803801
6.32565913741722
5.64719443013988
6.13512904459798
6.04591909658745
5.25395446907121
5.96335130060409
5.98105536946518
5.98976688374833
6.05532348479996
6.4084905532978
6.41943437346747
5.73837709059235
4.7526252492502
4.73581313556914
5.7291756879629
5.17028994943897
6.29016750660984
5.97762658533935
5.77898322676669
5.64096449833195
6.40902579792539
5.58941642126645
5.75147644621726
5.5511771668442
5.72950899834845
5.50204701967934
6.34391552295437
6.2532265891845
6.81823845730975
6.2582969665398
6.55124736256001
5.91316711637684
6.55695341738057
5.42011908309949
6.15725546088057
5.87924821743149
5.89914817141105
5.90324411430589
5.67709886332796
6.40200070779715
6.72686119696997
5.60868638345146
6.87450621463907
6.46860729499508
5.19024228450679
5.30868765320193
5.89829491152075
4.96649078448935
5.71772485055768
6.212631766734
5.94878133691624
6.73827481517634
5.13380649106132
5.25082058516976
6.70930257444831
5.52404011467786
6.59612769247724
6.4424644262914
5.87229934570923
5.08000788518148
5.34089056927816
6.509814996541
5.51695431998408
5.43883402968146
6.09776994697163
5.74870169073872
5.63152807999705
6.25997462453609
6.50931571218475
5.42123318317557
5.49244484341972
5.46595908118071
6.46784795608407
5.6798712820324
6.54739284249791
5.58786382839825
5.31972590974174
6.65759217857833
5.90633049803898
5.88881933642119
6.22623590432153
5.48620479035092
6.31215146744503
5.49269014387771
6.45757268675326
5.30356759714
5.79181561410241
6.44420393547112
5.62163024344574
5.86087283026345
7.10760019362448
5.66727836315069
5.32311838149725
5.84589610306419
5.59125389919287
5.75611918038737
5.17206011435446
6.37569264983521
5.28260814865556
6.33801721739377
5.41565895117103
5.54477999270539
4.59081743718299
5.85950955241631
6.1944099854612
6.00525398039038
5.23213296728211
6.10927879812699
6.0526450467505
6.27346887043262
5.98306524742257
5.60837314594384
5.61842638109399
6.20758155654316
5.87742018712509
6.11893744804831
6.27206880099251
6.25104657745521
5.0554028592868
6.04067326495234
5.8479781296702
6.30098747867641
5.63585860784097
6.80851182025472
6.34843627550804
5.66077806362338
6.48137663416219
6.2758723553015
5.39621526431963
5.47673390858422
5.17299294616795
6.33691126892886
6.14743601436222
5.55282014220025
6.80519137961629
5.60390783954565
5.6903221675561
5.53018333415578
5.5448430935199
6.25141228904899
5.30728033163015
6.46164499682885
5.50378071201207
6.46295057994328
5.18793210605681
5.66130734784298
6.1866983502931
5.94662202073712
6.00616308466239
6.04133742930942
5.54746511569056
6.04452854273212
6.11630017734387
5.51107972094367
5.21933132112488
6.46777778962451
5.66000078441337
5.00345768439882
5.81662342378744
5.49245172106145
5.07130283823557
5.15374891524132
5.79577084418273
5.63740404988086
6.67512081872176
5.56584462778583
5.47967864802811
5.85079288027825
6.09083943220341
5.81485276920763
5.62619188196884
5.28650516265526
5.49340460818501
6.16659244123275
5.01834099954665
5.68676440460948
6.04675647671719
5.22501623892902
5.72571046414006
5.8385517529833
5.66847137206916
5.4637819953776
6.00162765085325
5.70280122908825
5.90271725242947
6.33691126892886
5.44621459060577
5.54648570153387
5.52404011467786
6.42143036984664
5.90418768593721
5.81322008137868
6.37489886939918
5.71813203815269
5.68051159775218
6.50133873792836
5.54743846588097
6.0365697127021
5.60179428736001
5.88975855478888
5.90125517064096
5.05709280629748
6.09782296223038
6.39030850110391
6.04039934850696
5.22070800564642
5.38981997604242
5.65880307047166
6.24303096594777
6.6928678681099
5.71285849086028
6.02338024421223
6.06967159780157
6.11404764039408
6.71850235706422
6.09776994697163
6.60364707349278
5.20984047549166
5.09759424873788
5.91646432950474
6.16205104222667
5.78508856866884
6.13762287142582
6.27611954206667
6.00922349036582
5.52093799594044
6.22548360409832
5.9445755472826
5.93841846189074
5.09342251429443
5.36325671124611
5.56517372518972
6.41398058200104
5.69460058147672
5.93876553260966
6.39437868243319
5.78977178948252
6.09850739459912
5.85318401177222
6.68386494936395
5.94846169863557
5.73107769027582
6.06503275366424
5.75038049125021
5.60305547476866
5.83185045204545
6.20575582700815
5.86061537934813
5.03295322324555
5.65197856685016
5.87742018712509
5.59177230392367
5.3695241706901
6.23703849664081
6.41164997748733
6.22810258028153
5.84020465284605
5.65317177190354
6.89387350172372
6.28244674346787
6.03177659921443
6.02926215095925
6.28455455489374
4.94371148765097
5.92905472481093
6.24695082454801
6.28986858411855
6.66592013503858
5.72366094574577
5.98130002971775
6.12625449583891
5.82687358214326
5.30195652069366
6.76678975175008
5.89870213292936
5.74752752737454
5.63551146419885
5.72952588326227
5.58151526353369
5.99295337128446
5.93474571082589
5.22144785323327
5.70427562935928
5.43384749270405
6.23609318979332
6.3398782006327
5.51645200554211
6.26704535479969
5.40459146135574
5.49245172106145
5.86527968059429
5.69309362105957
6.11006382444088
6.35803247326383
6.25427556829772
5.42069516701703
6.13213501926649
5.54941712318639
6.90751005457419
6.57222544541618
5.49671538433354
5.67481312158851
4.69424634834581
5.66473326401305
6.07237070458154
6.24829059713453
7.17252245930102
5.33487536367388
5.95416729487813
5.16177363729341
5.8486991827298
5.83048308470773
5.81305112581331
5.099521550978
5.75478970132063
6.04255278072851
5.84064129339603
5.38793433194341
5.47224832167734
5.98870699212098
4.87451904092999
4.78441058787806
5.25525079418626
5.76676803639492
6.5869174460293
6.05172170922632
5.64096449833195
5.81916526265982
5.29197528068859
5.74104869413151
5.32227415420607
5.8244490847156
5.8516691995997
5.39411284269601
6.05555728301398
6.16499419378228
5.62163024344574
6.39706172303724
6.37298115005
5.69852108474797
5.48310235349186
6.01147585707639
5.73260805376138
5.75632572990072
6.82543173040627
5.95820147412276
5.5264243499812
6.59130614169603
5.82504522983319
5.27242183163791
5.86092026152339
4.70726853693479
6.25952702899701
6.78209741604872
5.01542599968347
6.61796663954202
5.94416852198541
5.45818970120026
6.01726587871303
5.95193664821046
5.3359969824923
5.50730687309701
5.00833934760735
5.24128706135619
6.67899249727024
6.31150072426191
5.98860667553408
6.25853280495105
5.83410398741455
5.27400076586631
6.06431515118414
5.33372111084644
5.90066933217759
6.01968714336464
5.7394738945666
5.51917720912759
6.00852430165328
5.44921658419812
6.52664056871871
5.63547582099418
6.35994651429612
5.43928876338107
5.68679504158986
5.0748376816133
6.05115038860062
5.69267302621894
6.057632285751
6.11630017734387
5.56382431398719
5.63535550028459
6.44807505495547
5.52291347176696
5.60187056255401
5.76868458291378
6.72354399694712
5.7050209467787
5.47509027572249
5.56803753222886
5.35821487620386
5.96774334055548
5.81901016423508
6.5114020218036
5.59461305448136
5.72566537779847
6.09741984571963
5.6090186131731
6.10812520408054
5.32823766627258
5.63455799883553
5.11937431373008
5.81257699199869
5.17299294616795
5.57161982961697
6.31050395189595
5.42144355468038
5.29579538205087
6.40040645575306
5.86431993069051
5.74549425478413
5.91545975942398
6.40819849398108
5.382110558532
5.8848887510152
6.01982679007808
5.29579538205087
6.72510651362785
5.89598233784603
6.10080034286091
5.46344057502784
5.94069429035804
5.51699162439545
6.34553350657277
5.42588046881706
5.20591480549871
5.90228161957348
6.47909228960699
6.41376287332945
5.91581737247515
5.62820539918506
5.4005607255146
5.16302463856147
6.04326644751134
5.17907077751
5.75365044388657
5.25472133737554
5.4795188048498
5.54738747725249
5.58421890703264
5.41568740331667
6.41896472066869
5.5363119862408
6.15065082155188
6.10271707423388
6.56283621817456
6.69929657888948
5.76746466493586
5.86437975049623
5.55989767334224
6.27118943761526
6.4663554619222
5.88824418481522
5.61257795941721
5.62696784709167
5.35064422216089
6.61109730068348
5.6377412915897
6.42915967475065
5.97253915974509
6.25258871992621
5.7399537683507
6.08850992188598
5.26248947371238
6.34224548242515
5.98207174879908
5.72185813319724
5.98217471088929
6.15100652616537
6.1051538342293
5.58077521849611
5.74636273085548
5.48968960664127
5.89263428430378
6.43479416217678
6.57620697490268
5.99539285285843
5.73008992441386
4.69424634834581
6.33180286447733
5.50163446650679
6.69584348248296
5.76310994924793
6.47471118984665
6.34224548242515
6.507056364532
5.43928876338107
4.85094559366542
5.69834093887468
5.62447258022353
6.11223687638497
6.01807015456626
5.61066053558848
6.34863372508631
5.87635617543402
5.93841846189074
6.82146444047604
6.24466037007192
5.55241986190484
4.99559930543018
5.94131307127115
5.40479403809099
6.24939949077907
5.5793766948847
5.22530523249614
5.82460106060088
6.01056086209671
5.661609528193
5.93829880406692
5.39257300643799
5.44418001710118
5.68337312768822
5.9831205882885
5.4019014603406
