5.1295
5.3937
4.96803333333333
5.94786666666667
6.59043333333334
5.37066666666667
5.30603333333333
6.24996666666667
7.47966666666667
6.47033333333333
5.05303333333333
5.97663333333333
5.99143333333333
5.48543333333333
6.93086666666667
5.72883333333333
5.24563333333333
5.70943333333333
5.85183333333333
5.35856666666667
5.04566666666666
6.8925
5.54466666666667
5.66883333333333
5.76623333333333
4.99413333333333
6.266
5.76723333333333
5.66196666666667
5.018
5.4269
5.46713333333333
5.77695714285714
6.25423333333334
6.087
5.9912
6.74926666666667
5.33736666666667
5.52793333333334
5.4553
7.0219
6.3343
5.14776666666667
5.7054
6.20633333333334
6.64413333333334
6.6583
5.40113333333333
6.8171
4.87786666666667
5.06486666666667
5.84643333333334
5.90726666666667
5.60213333333333
5.7273
5.30236666666667
6.41446666666666
6.79076666666667
6.1016
6.1548
5.85506666666667
5.28676666666667
5.44283333333333
6.5189
5.1996
5.16446666666667
5.2419
5.1077
5.63173333333333
6.8806
5.38973333333333
5.425
5.0795
4.95823333333333
5.62833333333333
5.7688
6.2002
5.42493333333333
5.55456666666667
5.2069
6.7618
6.38603333333333
5.79393333333334
5.7106
5.05086666666667
6.98953333333333
5.88586666666667
6.35513333333333
6.0145
5.2253
5.74673333333333
5.09593333333333
6.01786666666667
5.25743333333333
6.10126666666667
5.7346
5.81633333333333
6.12536666666667
5.78356666666667
6.09266666666667
5.9075
6.1554
5.43786666666667
5.37706666666667
5.29033333333333
5.87166666666667
6.85623333333333
6.67716666666666
5.21283333333333
6.23164761904762
5.2657
6.0136
5.8321
4.99133333333333
5.92876666666667
6.0024
7.24653333333333
4.2401
6.33186666666666
5.4233
5.25875714285714
6.7307
5.82693333333333
6.1187
6.30853333333333
5.107
4.94016666666667
4.83526666666667
4.98096666666667
5.5646
6.5409
4.5754
5.49686666666667
5.4655
6.00076666666667
6.80886666666667
5.5755
5.12153333333333
6.6634
5.7236
6.6843
4.93236666666667
5.39103333333333
5.76333333333333
6.2749
5.21516666666667
4.9827
6.27793333333333
5.50063333333333
5.6899
5.57016666666666
5.68613333333333
5.04756666666667
6.82916666666667
5.18396666666667
6.77833333333334
6.66076666666667
5.93583333333333
4.8716
6.00576666666666
6.4403
6.01873333333333
6.22633333333333
5.0571
5.3351
6.0089
5.9127
5.8931
6.50286666666667
6.08613333333333
5.96806666666667
6.4114
5.61536666666667
5.19286666666667
5.88903333333333
6.393
5.9015
6.9677
6.5821
5.90863333333333
6.20343333333334
5.4022
6.44396666666667
6.98996666666667
6.22123333333333
6.26226666666667
5.78336666666666
6.39823333333333
5.8378
5.16076666666667
5.56416666666667
5.23696666666667
5.26013333333333
5.90333333333333
5.07766666666667
5.27063333333333
5.9547
5.39906666666667
6.11433333333333
6.02693333333333
5.87336666666667
6.12203333333333
5.39973333333333
5.1416
6.5422
5.7441
5.9484
5.6533
5.91513333333333
6.0013
5.66906666666667
6.69063333333334
5.01233333333333
6.04296666666667
6.10073333333334
5.3968
6.5504
7.04866666666666
5.22643333333333
6.16336666666667
5.44046666666667
5.359
5.24666666666667
6.01986666666667
5.591
7.4177
5.67313333333333
5.60943333333333
5.11566666666667
6.10073333333334
6.2527
6.10333333333334
5.60696666666667
5.91696666666666
5.9877
6.40343333333333
5.7628
6.00013333333333
5.8906
5.13623333333333
5.8019
5.79306666666667
6.12753333333333
5.59316666666667
5.94386666666666
6.79926666666667
6.97286666666666
6.38560555555556
5.7341
7.1481
5.30266666666666
5.3534
6.98856666666667
6.76953333333333
5.35313333333333
6.36573333333333
5.94266666666666
5.48513333333333
6.6104
5.97596666666667
6.31763333333333
5.17836666666667
6.8744
5.99913333333333
5.10281904761905
4.97286666666667
5.22366666666667
6.09013333333334
6.3659
5.2925
5.4312
6.00866666666667
6.82743333333333
5.12256666666667
6.79883333333333
6.17976666666667
5.1968
5.78913333333333
4.9599
5.5241
5.32736666666667
5.18443333333333
5.9688
5.9523
5.11156666666667
6.7886
5.52106666666667
5.2961
5.5842
4.43543333333333
5.93716666666667
6.07466666666667
5.8082
5.14003333333334
5.717
6.2667
6.3815
6.09983333333334
5.8774
5.9491
6.5663
6.11626666666667
7.16113333333333
6.69063333333334
5.27966666666667
5.8676
6.39106666666666
5.49756666666667
5.8691
6.74526666666666
6.2198
5.9195
5.9625
4.83996666666667
6.55
6.1968
6.54206666666667
5.12176666666667
5.1956
6.43033333333334
5.8494
6.05163333333333
5.90103333333333
6.18796666666666
5.65916666666667
6.17313333333333
6.01436666666667
6.32726666666667
5.52206666666667
5.12703333333333
5.10213333333333
5.1635
5.8837
6.53056666666667
5.17803333333333
5.46316666666666
6.64833333333333
6.76733333333333
5.18203333333333
6.2278
5.64723333333333
5.81886666666666
6.19906666666667
5.74716666666667
5.83413333333333
6.33546666666667
6.33526666666667
5.90636666666667
5.3559
5.72503333333333
5.74743333333333
6.21946666666666
6.9795
5.7847
5.5032
5.82893333333333
5.97653333333333
6.42533333333333
6.7161
5.3668
6.33143333333333
5.4111
5.89196666666667
6.08463333333334
5.48613333333333
6.14833333333333
6.6784
6.07533333333333
5.257
6.49263333333333
5.1359
6.28873333333333
6.2868
5.22103333333333
6.56553333333333
5.9844
6.06046666666666
5.69233333333333
4.51966666666667
6.6408
6.54276666666667
4.64846666666667
6.0519
5.551
5.87706666666667
6.9181
5.26815714285714
6.77356666666666
5.91923333333333
5.1333
5.30696666666667
5.32713333333333
5.99763333333333
5.24913333333333
5.11616666666667
5.6196
6.2197
5.8492
6.75436666666667
5.939
6.1091
5.97626666666667
5.3534
5.86556666666667
5.40746666666667
6.2141
6.28523333333333
6.98586666666667
6.4623
6.06416666666667
5.48543333333333
5.82
4.95756666666666
5.19483333333333
5.86026666666667
5.9744
4.87096666666667
5.42863333333333
6.25266666666667
5.24623333333333
6.03143333333333
5.6262
5.94586666666667
5.92866666666667
7.20333333333333
7.52393333333333
6.86963333333334
6.49403333333333
6.28896666666666
6.2667
6.5422
6.15089603174603
5.74063333333333
5.14756666666667
6.10473333333333
6.28076666666667
7.0526
7.16196666666667
6.2749
5.87373333333333
5.55496666666667
5.91546666666667
5.23336666666667
5.6844
5.97923333333333
7.15583333333333
5.24916666666667
5.7534
5.97553333333334
6.40926666666667
6.52796666666667
6.20823333333333
5.3789
5.1283
5.78336666666666
5.92923333333333
5.96366666666667
5.46713333333333
6.67886666666666
6.88803333333334
5.30456666666667
5.36153333333334
5.03773333333333
5.13563333333333
5.6226
5.98016666666667
5.50666666666667
5.36143333333333
5.59413333333333
6.03296666666667
5.71633333333333
5.8145
6.25613333333333
5.00676666666667
6.54546666666667
5.21706666666667
6.9358
6.1329
4.83416666666666
6.95836666666667
5.31916666666667
6.07613333333334
6.22613333333333
6.32233333333333
5.5223
5.71976666666667
5.64613333333333
5.72893333333333
5.9813
5.60583333333333
5.46723333333333
6.14596666666667
6.94663333333334
5.7786
6.7712
5.57666666666667
6.78926666666667
5.3384
5.1213
5.66583333333334
6.51106666666666
5.2098
5.60866666666667
6.55573333333333
5.10256666666667
6.48716666666667
6.13263333333333
6.44506666666667
5.2811
6.23476666666667
5.14163333333333
6.1163
5.68936666666667
5.18686666666667
5.60973333333333
5.39593333333333
5.165
5.52206666666667
6.55283333333333
5.90456666666667
5.819
5.37886666666667
6.22776666666667
6.70846666666667
6.58357142857143
5.6202
6.21233333333334
6.66936666666667
6.00036666666667
5.3992
5.42553333333333
5.2487
6.91193333333333
5.352
6.86156666666667
6.36786666666667
5.32123333333333
4.58783333333334
6.24436666666667
5.57853333333333
5.91126666666667
6.72126666666667
5.88593333333333
6.0869
6.30593333333333
5.9326
5.0954
5.8851
5.15153333333333
5.93876666666667
5.67506666666667
6.08856666666667
5.4719
5.35293333333333
5.51616666666667
5.42953333333333
5.70783333333334
5.88023333333333
5.7397
5.10673333333333
5.29256666666667
5.7916
5.21993333333333
5.32033333333334
5.71136666666667
6.23503333333334
5.9171
5.35846666666667
6.8995
6.6784
5.43256666666667
6.453
6.19236666666667
6.62846666666667
6.46913333333334
6.19226666666667
5.53203333333333
6.255
5.12913333333333
4.73146666666667
6.19893333333333
5.05026666666667
5.74743333333333
6.75536666666667
5.89793333333333
5.76286666666667
6.14663333333333
6.5674
5.11566666666667
6.01993333333334
5.30826666666667
5.5897
5.5206
5.89933333333333
5.3413
5.10723333333333
5.43163333333333
4.47306666666666
6.7093
6.0685
5.77056666666666
5.35626666666666
5.95976666666667
5.16756666666667
6.453
5.62413333333333
6.38560555555556
6.48883333333333
5.6742
6.18796666666667
6.07483333333333
6.36453333333333
6.5947
6.66126666666667
5.34156666666667
6.7302
6.1374
5.96216666666667
5.3669
4.60586666666666
5.08326666666667
6.10196666666666
6.1434
6.30456666666667
5.86486666666667
5.5609
5.2688
6.20186666666666
5.1151
6.414
4.9555
5.86059523809524
6.2956
6.59333333333333
6.6773
6.28076666666667
5.61146666666666
5.39373333333333
6.7714
5.5546
6.0006
5.14333333333333
5.78043333333333
5.9813
5.88493333333333
5.42603333333333
5.62803333333333
5.80453333333333
5.97713333333333
6.0605
5.26316666666667
6.91936666666667
6.23023333333333
5.87206666666667
6.35093333333333
5.4721
6.49936666666666
5.49466666666667
6.08016666666667
5.88716666666667
6.07533333333333
5.75096666666667
6.22573333333333
5.2032
6.77833333333334
5.3309
5.78336666666667
6.18773333333333
6.75653333333334
5.8873
5.4766
5.87916666666667
5.7325
6.86023333333333
5.102
6.20173333333333
5.096
6.16703333333333
6.1724
5.45806666666667
5.93566666666667
5.94023333333333
5.165
5.72216666666666
6.336
6.3183
6.13846666666667
6.3521
6.2606
5.4301
5.1806
4.99493333333333
5.8907
5.09666666666667
5.45253333333334
6.0271
5.33736666666667
5.93263333333333
6.03646666666667
5.09763333333333
5.39143333333333
5.3412
5.80026666666667
5.25503333333333
6.631
5.9356
6.79176666666667
6.2057
6.1568
5.1536
6.6295
5.94646666666667
5.89363333333333
5.939
6.06870000000001
6.637
5.8825
6.63243333333333
6.32603333333333
5.61406666666667
6.72356666666667
6.74826666666667
5.2981
5.29333333333333
6.07266666666667
4.99706666666667
6.15089603174603
6.22776666666667
5.94036666666667
5.63863333333333
4.7698
5.86286666666667
6.25586666666667
5.7864
6.9504
6.69356666666666
4.89646666666667
4.84666666666667
5.7622
6.9892
5.58026666666667
5.75386666666667
6.16166666666667
5.87256666666667
5.7817
5.7686
6.2481
5.66913333333333
5.96793333333333
5.335
6.453
5.17716666666667
6.30276666666667
5.28906666666667
5.3
6.73746666666666
5.84086666666667
5.9642
6.90996666666667
5.5862
6.17663333333333
5.5326
6.8757
5.03243333333333
6.68233333333333
6.15833333333333
5.15846666666666
5.8222
6.63726666666667
6.4604
5.81743333333333
6.00566666666666
5.5412
5.941
5.6555
6.26003333333333
5.69786666666667
6.52796666666667
5.38093333333333
5.25386666666667
4.8515
5.3772
6.8265
5.54533333333333
5.22573333333333
5.97403333333333
5.93026666666667
6.25993333333333
5.5402
5.0941
6.2011
6.46343333333333
5.57318333333333
6.2896
6.18666666666667
5.4838
4.85533333333334
6.6311
5.5191
6.18173333333333
5.431
6.9631
5.44166666666667
5.61503333333333
7.15806666666667
6.435
5.4312
5.42363333333333
4.99216666666667
6.63073333333333
5.32713333333333
6.82013333333333
6.61893333333333
5.29573333333334
6.32446666666667
5.30763333333333
5.11043333333333
6.34536666666667
5.1394
6.59043333333333
5.16076666666667
6.21866666666667
5.1276
5.36673333333333
5.9376
5.9689
6.4902
6.0751
7.99076666666667
5.819
6.68083333333333
5.31486666666667
5.50026666666667
6.23676666666667
5.54373333333333
5.1611
5.91973333333333
6.0919
5.40376666666667
5.10553333333333
5.51546666666667
5.5755
7.08066666666667
5.55183333333333
5.13846666666667
5.73506666666667
6.2952
5.68463333333333
5.92863333333334
5.0455
5.95853333333333
5.97293333333334
5.24253333333333
5.30423333333333
5.887
4.89726666666667
5.81613333333333
6.06596666666667
5.4569
5.59686666666667
6.0482
5.70206666666666
6.36913333333333
6.63073333333333
5.36396666666667
5.82323333333333
5.7864
5.96806666666667
5.91546666666667
5.90083333333333
6.0981
6.18753333333333
5.6107
6.40446666666667
5.71443333333333
5.95213333333333
5.6726
5.9744
5.99233333333333
5.08823333333333
6.0919
6.39276666666667
6.15126666666666
5.3309
5.05103333333333
7.95403333333333
5.17986666666666
6.5211
5.5642
5.97026666666667
5.87323333333333
6.07493333333333
6.52746666666667
6.16166666666667
6.6941
4.787
5.33416666666667
6.03363333333333
6.19503333333333
5.80083333333333
6.0405
5.68436666666667
5.86666666666667
5.32396666666667
5.62906666666667
5.9028
6.2475
4.87096666666667
5.30323333333333
5.05246666666667
6.835
5.4577
5.66726666666667
6.2303
5.61496666666667
6.1523
5.05026666666667
7.39233333333334
5.7898
5.87323333333333
5.99595714285714
5.32706666666667
5.51445714285714
5.51546666666667
6.43176666666667
5.94843333333333
5.24566666666667
5.49176666666667
5.57318333333333
5.3413
5.58403333333333
6.24723333333333
6.5372
6.91783333333333
5.77856666666666
5.12163333333333
6.34286666666666
6.1067
7.0793
5.97356666666667
5.6792
5.62516666666667
5.87813333333334
6.28366666666666
6.89440000000001
6.51266666666667
6.10686666666667
5.84673333333333
6.03753333333333
5.64376666666667
5.231
6.96593333333333
6.16573333333334
5.73833333333333
6.38560555555556
5.68596666666667
5.38616666666667
5.8803
5.68066666666667
5.22663333333333
5.949
5.0369
5.49226666666667
6.0565
5.44143333333333
6.4311
5.23166666666667
6.0919
5.82736666666667
5.7178
6.6228
6.0534
5.78201428571428
5.7036
5.67506666666667
5.17286666666667
6.10376666666667
6.78926666666667
5.39906666666667
5.42473333333333
5.14473333333333
6.3472
6.28176666666667
6.13926666666667
7.05466666666667
5.1754
6.26
5.14493333333334
5.8837
5.97406666666667
5.92793333333333
4.79153333333333
5.99733333333333
6.10743333333333
5.47546666666667
4.98926666666667
5.2655
5.73346666666667
4.3961
4.8013
5.08363333333333
5.6121
6.52066666666667
6.53126666666667
5.93263333333333
6.2492
5.62663333333333
5.11566666666667
5.204
6.48626666666667
5.46753333333333
5.1053
6.73746666666667
5.99843333333333
5.15846666666666
6.51753333333333
6.88426666666667
6.13193333333333
5.1268
6.24186666666667
5.7587
5.8103
6.88426666666666
5.7414
5.38586666666666
6.5287
5.8939
5.77903333333333
5.95753333333333
4.89826666666667
6.736
6.7098
5.08173333333333
6.93086666666667
6.19363333333333
5.37236666666666
6.22323333333333
5.53736666666666
5.60283333333333
5.5602
5.82006666666666
5.16133333333334
6.28896666666667
6.4716
6.06263333333334
5.87433333333333
5.84486666666667
5.80506666666667
6.35866666666667
5.39906666666667
5.8794
6.01423333333333
5.57906666666667
5.68893333333333
5.79823333333334
5.26353333333333
6.487
5.9006
6.5184
5.92923333333333
5.75756666666667
5.72546666666667
6.00076666666667
5.40383333333333
5.36296666666667
6.68083333333333
5.27176666666667
5.25636666666667
7.1912
5.13646666666667
5.56496666666667
6.12766666666667
6.4519
5.73616666666666
5.1442
5.32493333333333
5.49286666666667
6.11606666666667
5.90286666666667
6.5341
5.66663333333333
5.5691
6.11376666666667
5.85423333333334
6.01993333333333
5.22783333333333
5.67496666666666
5.15963333333333
5.9469
4.99216666666667
5.1431
6.1595
5.8647
5.49373333333333
6.80673333333333
5.9015
5.9562
5.91646666666667
6.265
5.35633333333333
5.38073333333334
6.60136666666667
5.49373333333333
6.763
6.1033
6.3418
5.90453333333333
5.9285
5.9448
6.43776666666667
5.66833333333333
5.17226666666666
5.8509
6.69726666666667
6.4739
5.46423333333333
5.1676
5.15833333333333
6.12466666666667
5.99746666666667
5.3166
5.99933333333333
5.20103333333334
5.87286666666667
5.1877
6.98606666666667
5.25266666666667
6.98876666666667
5.36523333333333
6.0281
5.2105
6.55173333333333
7.00773333333334
5.4671
5.43686666666667
6.06046666666666
6.44083333333333
5.38166666666667
5.9972
5.71903333333333
5.7757
5.41243333333334
6.30003333333333
6.08633333333333
6.19503333333334
5.70753333333333
6.14913333333334
5.43916666666667
6.4634
5.3189
7.257
6.74006666666667
5.90711111111111
5.61433333333333
5.97653333333333
6.1854
5.6132
5.57526666666667
5.3931
6.02746666666667
6.31763333333333
6.2816
6.2132
5.79916666666667
5.14473333333333
6.07713333333334
6.9795
6.53983333333334
5.52796666666667
6.27316666666667
7.257
6.19136666666667
5.92923333333333
4.9106
6.39183333333333
5.32976666666667
6.21076666666666
6.19756666666667
5.8774
6.79193333333333
5.95683333333333
6.2475
6.50216666666667
6.40926666666667
5.64666666666667
4.99553333333333
6.26523333333333
5.79933333333334
5.93186666666667
6.4202
5.1563
5.25793333333333
5.97016666666666
5.22253333333334
5.91906666666667
5.34916666666667
5.71376666666667
5.88143333333333
6.1274
5.48726666666667
