5.24956666666667
5.53183333333333
4.92963333333334
5.9444
6.27756666666667
5.28216666666667
5.32553333333333
6.1356
7.44036666666666
6.6353
5.0811
5.70686666666667
5.8615
5.62683333333333
6.9976
5.74763333333333
5.19016666666666
5.77743333333334
5.90046666666667
5.4235
5.05046666666667
6.81306666666667
5.3331
5.60963333333333
5.7716
5.00483333333333
6.11403333333333
6.0552
5.64863333333333
5.0944
5.49616666666667
5.40453333333333
5.748
6.26103333333333
6.17123333333333
5.9844
6.96996666666667
5.50656666666667
5.78896666666666
5.51056666666666
7.14446666666667
6.35026666666667
5.37346666666667
5.5213
6.19126666666667
6.52073333333333
6.78566666666667
5.1431
6.79786666666667
4.93743333333333
5.04813333333333
5.6195
5.85806666666667
5.50318571428571
5.78983333333333
5.23033333333333
6.32813333333333
6.8841
6.08453333333333
6.32713333333333
5.73443333333333
5.3427
5.42076666666667
6.25813333333333
5.16106666666667
5.1256
5.17926666666667
5.14616666666667
5.75596666666667
7.10926666666667
5.4723
5.41566666666666
5.18733333333333
5.01173333333333
5.72333333333333
5.73316666666666
6.26623333333334
5.50556666666667
5.43516666666666
5.17406666666667
6.86033333333333
6.3952
5.76783333333333
5.91696666666667
5.10063333333334
6.665
6.06546666666666
6.1134
5.96403333333333
5.31796666666667
5.7684
5.07756666666667
6.02266666666667
5.33756666666667
5.89013333333333
5.59813333333333
5.84523333333333
6.2547
5.8853
6.1754
6.31983333333333
6.04716666666667
5.32996666666667
5.32126666666667
5.31616666666667
5.83513333333334
6.70113333333333
6.92793333333333
5.1133
6.28196666666667
5.1061
5.96803333333333
5.80936666666667
4.95146666666667
5.9031
5.99583333333333
7.29823333333333
4.55863333333333
6.17356666666667
5.3223
5.19316666666667
6.83066666666667
5.924
5.8957
6.29466666666667
5.1512
5.0881
4.87076666666667
5.00803333333333
5.5076
6.6739
4.5368
5.5532
5.53613333333333
5.9924
6.78093333333334
5.54746666666667
5.0629
6.66876666666666
5.83703333333333
6.51863333333333
5.0207
5.36506666666667
5.74996666666667
6.5001
5.25473333333333
5.01173333333333
6.2336
5.34676666666667
5.74273333333333
5.54863333333333
5.7594
5.05553333333333
6.8234
5.16456666666667
6.80363333333333
6.6102
5.89796666666667
5.0157
6.01446666666667
6.57756666666667
6.06466666666667
6.28136666666667
5.0613
5.43803333333334
6.0079
6.1236
5.87153333333333
6.38413333333333
6.034
6.08376666666667
6.36156666666667
5.6849
5.3442
5.81006666666667
6.52023333333333
6.34336666666666
6.94433333333333
6.6279
5.78346666666667
6.00506666666667
5.34886666666667
6.37563333333333
6.99903333333333
6.3957
6.0137
5.98083333333334
6.41456666666667
5.84376666666667
5.35443333333333
5.63786666666667
5.35956666666667
5.1541
5.93046666666667
5.09046666666667
5.3613
6.11253333333333
5.56086666666667
6.03243333333333
5.95996666666666
5.99946666666667
6.10613333333333
5.15836666666667
5.33466666666667
6.51483333333333
5.77303333333333
5.8267
5.66146666666667
5.95443333333334
5.994
5.55183333333333
6.61553333333334
5.2238
5.9562
6.1545
5.1936
6.6382
6.94023333333333
5.24753333333333
6.15526666666666
5.50686666666667
5.3381
5.40773333333333
5.98943333333333
5.7927
7.5001
5.59023333333333
5.6412
5.07683333333333
6.1545
6.2615
5.99173333333333
5.81926666666666
5.87006666666667
6.04533333333333
6.10666666666667
5.89933333333333
5.9941
5.9306
5.16226666666667
6.19173333333333
5.82333333333333
5.99166666666666
5.46703333333333
5.8909
6.78033333333333
6.70763333333333
6.4024
5.68253333333333
6.78636666666667
5.2969
5.3231
6.53163333333333
6.7187
5.37156666666666
6.34993333333334
6.01113333333333
5.5319
6.48873333333333
5.98886666666667
6.6143
5.24246666666667
7.14463333333333
5.9929
5.11776666666667
5.079
5.1928
5.77793333333333
6.3675
5.31526666666667
5.41576666666667
5.82513333333333
7.02456666666667
5.0653
6.82413333333334
6.2136
5.1267
6.03423333333333
4.80743333333333
5.4731
5.1708
5.27596666666667
5.93676666666666
5.96256666666666
5.10166666666667
6.85236666666666
5.553
5.26366666666667
5.42216666666667
4.68356666666667
5.92936666666667
6.3247
5.96693333333333
5.09616666666667
5.7457
6.0625
6.59393333333333
6.1097
5.89046666666667
5.9496
6.82186666666667
6.04536666666666
7.1697
6.61553333333334
5.34063333333333
5.90466666666667
6.28113333333333
5.60806666666667
5.83206666666667
6.7296
6.2724
5.9247
5.86223333333333
4.9292
6.58923333333333
6.12093333333333
6.5098
5.1074
5.197
6.18876666666667
5.9343
6.15636666666667
5.83303333333333
6.13516666666667
5.59556666666667
6.05743333333333
5.97413333333334
6.2776
5.698
5.20843333333333
5.1775
5.3315
5.76253333333333
6.56786666666667
5.30173333333334
5.5117
6.83556666666667
6.80106666666667
5.1011
6.30423333333334
5.76893333333333
5.6331
6.1937
5.9324
5.85533333333334
6.40433333333334
6.34856666666667
5.85773333333333
5.23093333333333
5.7116
5.81846666666667
6.0781
6.9772
5.78976666666667
5.50226666666667
5.97533333333333
5.97216666666667
6.488
6.53226666666667
5.38936666666666
6.24543333333333
5.42503333333333
5.88736666666667
6.1255
5.46316666666667
6.142
6.63396666666667
6.12113333333333
5.2903
6.57563333333333
5.1072
6.17556666666667
6.51396666666667
4.97893333333334
6.5855
6.06976666666667
5.99203333333333
5.74833333333333
4.6597
6.57606666666667
6.49323333333333
4.91613333333334
6.2232
5.37836666666667
5.75043333333333
6.41836666666667
5.42923333333333
6.79406666666667
5.9456
5.2494
5.50276666666666
5.32376666666667
6.0866
5.33523333333333
5.10986666666667
5.67753333333333
6.18966666666667
5.8558
6.5482
5.8651
6.30776666666667
5.85066666666667
5.3231
5.77363333333334
5.432
6.22373333333333
6.17556666666667
6.99346666666667
6.55373333333334
6.15503333333333
5.62683333333333
5.8508
4.87916666666667
5.09483333333333
5.88066666666667
5.86453333333333
5.118
5.48206666666667
6.23836666666667
5.23506666666667
6.41273333333333
5.90606666666667
5.9191
6.05883333333334
7.1494
7.53756666666667
6.90803333333333
6.58326666666667
6.24283333333333
6.0625
6.51483333333333
6.0674
5.66803333333333
5.1183
5.7879
6.46743333333333
7.28553333333333
7.10503333333333
6.5001
5.87906666666667
5.6706
5.9731
5.19406666666667
5.96653333333333
5.93146666666667
6.982
5.32373333333333
5.8497
5.84106666666667
6.4309
6.27583333333333
6.17456666666667
5.5422
4.96283333333333
5.98083333333334
5.96676666666667
6.0425
5.40453333333333
6.60053333333333
6.9104
5.38123333333333
5.40393333333333
5.0375
5.21296666666667
5.66813333333334
5.88296666666667
5.59816666666667
5.5503
5.60943333333333
5.86276666666666
5.54146666666667
5.9304
6.08513333333333
5.27
6.54693333333333
5.53046666666667
6.73836666666667
6.29283333333334
4.86823333333333
7.09716666666667
5.42796666666667
6.19
6.2039
6.24166666666667
5.38683333333333
5.5214
5.54333333333333
5.60196666666667
5.97076666666667
5.53793333333333
5.4374
6.0608
6.9759
5.76613333333333
6.95116666666667
5.60176666666667
6.70886666666667
5.34973333333333
5.10966666666667
5.67306666666667
6.30216666666667
5.1126
5.6797
6.37573333333333
5.01606666666667
6.39116666666667
5.9152
6.3984
5.25543333333333
6.31673333333333
5.1227
6.16206666666667
5.63693333333333
5.2821
5.59686666666667
5.13313333333333
5.02953333333333
5.698
6.5739
5.95576666666667
5.9433
5.44266666666667
6.3764
6.579
6.58536666666667
5.56686666666667
6.09546666666667
6.63346666666667
5.96376666666666
5.6685
5.40803333333333
5.4821
6.77063333333333
5.31893333333333
6.8213
6.5762
5.2624
4.67003333333333
5.8599
5.6835
5.91816666666667
6.79776666666667
5.8953
6.33703333333333
6.2426
6.00926666666667
5.38133333333333
5.89656666666667
5.16346666666667
5.89033333333333
5.8347
6.28256666666667
5.3428
5.46326666666667
5.44093333333333
5.61013333333333
5.68066666666667
5.7252
5.7639
5.0588
5.48416666666667
5.9339
5.43373333333333
5.31223333333333
5.74213333333333
5.88976666666667
5.88836666666666
5.67363333333333
6.7573
6.77306666666667
5.3678
6.77373333333333
6.02983333333333
6.73473333333333
6.33173333333333
6.25226666666667
5.71743333333333
6.15523333333333
5.1394
4.72513333333333
6.08463333333333
5.0733
5.81846666666667
6.8392
5.97483333333333
5.80973333333333
6.22856666666667
6.63003333333333
5.07683333333333
5.72993333333333
5.20766666666667
5.48296666666667
5.60156666666667
5.80533333333333
5.32956666666667
5.16193333333333
5.32513333333334
4.50783333333333
6.65783333333333
6.00293333333333
5.74653333333333
5.52186666666667
6.18716666666667
5.1652
6.77373333333333
5.37723333333333
6.4024
6.49863333333333
5.63966666666667
6.05613333333334
5.90346666666667
6.19523333333333
6.23743333333334
6.63963333333333
5.516
6.80706666666667
6.21583333333333
5.92146666666667
5.28703333333333
4.8982
5.30046666666667
6.1842
5.89456666666667
6.23316666666667
5.95606666666666
5.44513333333333
5.02956666666667
6.30643333333333
5.18743333333333
6.63936666666667
4.927
5.83536666666667
6.5593
6.56496666666667
6.69356666666666
6.46743333333333
5.56496666666667
5.39583333333334
6.47826666666667
5.8875
6.16923333333333
5.16983333333333
5.8468
5.97076666666667
5.9191
5.4679
5.6597
5.82966666666667
5.99433333333333
6.28536666666667
5.3456
6.4634
5.89426666666667
5.69986666666667
6.5059
5.48973333333333
6.30816666666667
5.73726666666667
5.79486666666667
5.8818
6.12113333333333
5.8062
6.18636666666667
5.4214
6.80363333333333
5.2863
5.90016666666667
6.47293333333333
6.69362380952381
6.04016666666667
5.39946666666667
5.9871
5.87236666666667
6.85943333333333
5.1359
6.20133333333333
5.0902
6.03656666666667
6.2472
5.30956666666667
6.0214
6.006
5.02953333333333
5.60556666666666
6.31863333333333
6.53376666666667
6.3998
6.60366666666667
6.43733333333333
5.39803333333334
5.24803333333333
4.82176666666667
5.91063333333333
5.24843333333333
5.4266
6.01703333333333
5.50656666666667
5.93443333333334
5.97403333333333
5.15283333333333
5.3596
5.54243333333333
5.8245
5.26753333333333
6.62873333333333
5.9307
7.04496666666667
6.1272
6.20163333333333
5.264
6.36393333333333
5.93523333333333
6.0807
5.8651
5.9213
6.5719
5.81916666666667
6.5936
6.73736666666667
5.6877
6.71713333333334
6.63096666666667
5.24366666666667
5.2634
5.9129
4.96213333333333
6.0674
6.3764
5.71566666666667
5.8236
4.8544
5.88896666666667
6.2079
5.3225
6.87036666666667
6.97103333333333
4.9741
4.8935
5.84816666666666
6.90443333333333
5.56866666666667
5.681
6.1317
5.9891
5.45013333333334
5.7308
6.36053333333333
5.7444
5.93533333333333
5.2296
6.77373333333333
5.2685
6.35593333333333
5.2415
5.21366666666667
6.8491
5.9478
5.98363333333333
6.94193333333333
5.407
6.19726666666667
5.6597
6.93823333333333
5.0408
6.56563333333333
6.1976
5.10786666666667
5.9965
6.7388
6.4935
5.81496666666667
5.75913333333333
5.59663333333333
5.8371
5.69156666666667
6.21876666666667
5.7642
6.27583333333333
5.4152
5.28066666666667
4.7927
5.37843333333334
6.89733333333334
5.4985
5.24006666666667
5.83503333333333
5.87946666666667
6.122
5.60783333333333
5.30636666666666
5.78146666666667
6.1415
5.47626666666667
6.41726666666667
6.3793
5.5341
4.90726666666667
6.53986666666667
5.34053333333333
6.15926666666667
5.45506666666666
7.01736666666667
5.62526666666667
5.59833333333333
7.37176666666667
6.2855
5.41576666666667
5.41183333333333
5.06533333333334
6.6469
5.32376666666667
6.82433333333333
6.87773333333333
5.2348
6.47003333333334
5.3228
5.0207
6.0984
5.15733333333333
6.7228
5.35443333333333
6.28466666666667
5.06786666666667
5.46616666666667
5.93536666666667
5.9443
6.51026666666667
6.05493333333334
7.9932
5.9433
6.63036666666667
5.39703333333334
5.64346666666667
6.2692
5.39643333333333
5.26586666666667
5.85853333333333
6.0784
5.18406666666667
5.16513333333333
5.48806666666667
5.72216666666667
6.871
5.72646666666667
5.086
5.78956666666667
6.31046666666667
5.61486666666667
5.8541
5.08456666666667
5.95136666666667
6.07766666666667
4.9726
5.5216
5.97143333333333
4.97773333333333
5.72826666666667
5.9065
5.42923333333333
5.40373333333333
6.04013333333333
5.7516
6.28006666666667
6.6469
5.52776666666667
5.63746666666667
5.3225
6.07576666666667
6.03386666666667
5.7286
6.28023333333333
5.91946666666667
5.41756666666667
6.59183333333333
5.63193333333333
5.87356666666667
5.7925
6.01656666666667
6.013
4.97833333333333
6.01933333333333
6.33296666666667
6.15273333333333
5.2863
5.02626666666666
7.95476666666667
5.12343333333333
6.52926666666667
5.4956
5.859
5.8886
5.93563333333333
6.46843333333333
6.1317
6.655
4.9599
5.52373333333333
6.04923333333333
6.10313333333333
5.77696666666667
5.92176666666667
5.58796666666667
6.01753333333333
5.19663333333333
5.84883333333333
5.90626666666667
5.89553333333333
5.09196666666667
5.09956666666667
5.11706666666667
6.82473333333333
5.60116666666667
5.53823333333333
6.0497
5.75256666666667
6.36993333333333
5.0733
7.4186
5.76456666666667
5.8766
5.77803333333333
5.23946666666667
5.4454
5.44833333333334
6.31046666666667
5.96406666666667
5.1975
5.56163333333333
5.47626666666667
5.32956666666667
5.49843333333333
6.22766666666667
6.654
6.80796666666667
5.76336666666667
5.103
6.44946666666667
6.27163333333333
7.30276666666667
6.13396666666667
5.6344
5.65183333333333
5.83306666666667
6.28523333333334
6.7791
6.3596
6.0789
5.95673333333333
5.8658
5.83063333333333
5.1068
7.01916666666667
6.3287
5.9285
6.4024
5.64723333333333
5.47183333333333
5.87576666666667
5.809
5.21823333333333
5.95863333333333
5.02896666666667
5.584
6.10346666666667
5.39026666666667
6.22493333333333
5.2405
6.0784
5.70053333333333
5.5457
6.8463
6.0557
6.09026666666667
5.7809
5.8347
5.2118
6.2936
6.70886666666667
5.56086666666667
5.3249
5.08556666666667
6.344
6.0014
6.2066
7.09466666666667
5.1626
6.1539
4.9941
5.8863
6.0368
5.9173
4.8545
5.94596666666667
6.23203333333333
5.5584
4.99706666666667
5.2596
5.80313333333334
4.41603333333333
4.8713
5.10623333333333
5.5641
6.39366666666666
6.64503333333333
5.93443333333334
5.98156666666667
5.69146666666667
5.07683333333333
5.26066666666667
6.54653333333333
5.5545
5.3601
6.66943333333333
6.1336
5.10786666666667
6.49663333333334
6.9096
5.976
5.179
6.43126666666667
5.82973333333333
5.85373333333334
7.0019
5.76633333333333
5.44476666666667
6.4167
5.9561
5.65003333333333
5.89586666666667
4.6776
6.64906666666667
6.6124
5.1442
6.9976
6.4634
5.3735
6.2129
5.46023333333333
5.55863333333333
5.5195
5.62
5.1826
6.54766666666667
6.4319
6.0723
6.09663333333334
5.78733333333333
5.7506
6.2446
5.31923333333333
5.9748
5.94436666666666
5.50823333333333
5.58943333333333
6.04733333333333
5.18273333333333
6.4669
5.91113333333333
6.56233333333333
5.96676666666667
5.82446666666667
5.80163333333333
5.9924
5.42866666666667
5.31183333333333
6.63036666666667
5.2752
5.23233333333333
7.2961
5.19213333333334
5.661
6.03523333333334
6.61196666666666
5.78443333333333
5.15936666666667
5.1787
5.71193333333333
6.011
5.85306666666667
6.49383333333333
5.76056666666667
5.40953333333333
6.1953
5.86433333333333
6.14693333333333
5.27053333333333
5.9539
5.16406666666667
5.6818
5.06533333333334
5.20093333333333
6.40286666666667
5.90893333333334
5.3741
6.8564
6.34336666666666
5.96716666666667
5.91763333333333
6.3848
5.30686666666667
5.3743
6.37613333333333
5.3741
6.73326666666667
6.02676666666667
6.12233333333333
5.9158
6.02593333333334
5.71173333333333
6.49306666666667
5.71143333333333
5.15656666666667
5.91366666666667
6.68223333333334
6.52203333333333
5.62533333333333
5.16463333333333
5.1308
5.77646666666667
5.93276666666667
5.32936666666667
6.01013333333333
5.18163333333333
5.8684
5.38543333333333
6.99163333333333
5.2275
6.83703333333334
5.34903333333333
6.02266666666667
5.19913333333333
6.8036
6.87913333333333
5.4177
5.42876666666667
6.00473333333334
6.45496666666666
5.52576666666666
6.00996666666667
5.52883333333333
5.84033333333333
5.4259
6.28653333333333
5.8521
6.22573333333333
5.8238
6.3728
5.68263333333333
6.42376666666667
5.41473333333333
7.35693333333333
6.4369
5.89623333333333
5.69766666666667
5.9289
6.26576666666667
5.5096
5.88233333333333
5.40846666666667
6.09443333333334
6.6143
6.52876666666667
6.19313333333333
5.95696666666667
5.08556666666667
6.08303333333333
6.9772
6.5004
5.4995
6.25426666666667
7.35693333333333
6.17723333333333
5.96676666666667
5.04833333333333
6.3873
5.26976666666667
6.0152
6.0564
5.89046666666667
6.80476666666667
5.95826666666667
5.89553333333333
6.545
6.4309
5.6037
4.9012
6.1753
5.75473333333333
5.99233333333333
6.40473333333334
5.17126666666667
5.49173333333333
5.87943333333333
5.24733333333333
5.95923333333333
5.52843333333333
5.92766666666667
5.8873
6.06533333333333
5.6974
