5.20126666666667
5.47146666666667
4.98413333333333
5.8644
6.30323333333333
5.2952
5.32296666666667
6.1202
7.39536666666667
6.5805
5.08556666666667
5.68263333333333
5.8788
5.64446666666667
7.00946666666667
5.76286666666667
5.1918
5.7229
5.89853333333333
5.4755
5.0891
6.8077
5.3075
5.61156666666667
5.8755
5.0394
6.16383333333333
6.12723333333333
5.71246666666667
5.09756666666667
5.51533333333333
5.40003333333333
5.8069
6.281
6.2018
6.0108
6.99483333333333
5.4339
5.72063333333334
5.56006666666667
7.1117
6.31036666666667
5.37293333333333
5.44503333333333
6.26666666666666
6.49173333333333
6.78553333333333
5.2091
6.77353333333333
4.91403333333333
5.0533
5.67643333333333
5.8665
5.43836666666667
5.80006666666667
5.22366666666667
6.28176666666666
6.87863333333333
6.075
6.317
5.73713333333333
5.34143333333333
5.4223
6.2201
5.13733333333334
5.1564
5.22713333333334
5.14903333333333
5.7362
7.1272
5.47793333333333
5.42136666666667
5.168
5.03646666666667
5.69033333333333
5.785
6.28906666666667
5.48593333333334
5.41896666666667
5.19296666666667
6.8161
6.39906666666666
5.7356
5.91966666666667
5.1009
6.678
6.0515
6.20156666666667
5.96786666666666
5.36086666666667
5.8125
5.0974
6.0744
5.3511
5.93733333333333
5.6928
5.8632
6.1566
5.83036666666667
6.21503333333333
6.31186666666667
6.09663333333333
5.3584
5.2856
5.3095
5.83563333333333
6.7086
6.91763333333333
5.1305
6.28216666666667
5.15473333333334
5.9549
5.8647
5.02846666666667
5.89873333333333
6.08063333333333
7.31606666666667
4.5637
6.1808
5.3594
5.20186666666667
6.84766666666667
5.87713333333333
5.95983333333333
6.24793333333333
5.10573333333333
5.12846666666666
4.9373
5.05313333333333
5.5838
6.61236666666667
4.59696666666667
5.51963333333333
5.56593333333333
5.9873
6.7869
5.5267
5.04973333333333
6.6733
5.84666666666667
6.42866666666666
5.03286666666667
5.3956
5.77296666666667
6.45563333333333
5.26513333333333
5.1176
6.1866
5.30433333333333
5.73943333333333
5.5048
5.765
5.0694
6.8229
5.10196666666667
6.82043333333333
6.62573333333333
5.89673333333333
4.99713333333333
5.9981
6.55766666666667
6.09603333333333
6.32206666666667
5.074
5.43093333333333
6.01406666666667
6.1811
5.85453333333333
6.41523333333333
5.9668
6.08096666666667
6.31823333333333
5.67216666666667
5.37143333333333
5.82443333333333
6.5222
6.2357
6.9542
6.685
5.76006666666667
6.02233333333334
5.30560476190476
6.41906666666666
7.0011
6.39923333333334
6.05226666666667
5.98366666666667
6.48286666666667
5.81456666666667
5.40436666666667
5.58403333333334
5.3343
5.22886666666667
5.9516
5.09396666666667
5.3092
6.052
5.5293
6.04153333333333
5.98053333333333
6.01916666666666
6.05186666666667
5.20703333333333
5.39433333333333
6.45396666666667
5.77406666666667
5.81656666666667
5.6685
5.9614
5.9968
5.60786666666667
6.67306666666667
5.25496666666666
5.96503333333333
6.1626
5.12026666666667
6.6467
6.9596
5.25833333333333
6.1758
5.49366666666667
5.3446
5.37713333333333
6.00536666666667
5.77476666666667
7.44413333333333
5.598
5.68633333333333
5.0715
6.1626
6.26366666666667
5.99413333333333
5.77886666666666
5.88783333333333
5.97046666666667
6.12513333333333
5.89683333333333
5.99303333333333
5.975
5.12646666666667
6.17733333333333
5.7885
6.0209
5.4836
5.9387
6.78156666666667
6.8577
6.40966666666667
5.7252
6.83183333333333
5.30233333333333
5.29476666666667
6.55543333333333
6.6586
5.40580476190476
6.40983333333334
5.96586666666667
5.51883333333334
6.57506666666667
5.99023333333333
6.6155
5.17663333333333
7.0801
5.98803333333333
5.09623333333333
5.07173333333333
5.15956666666666
5.78453333333333
6.32683333333334
5.29313333333333
5.4152
5.79256666666666
7.04186666666667
5.04493333333333
6.81396666666667
6.2224
5.1637
5.96086666666667
4.8254
5.49246666666667
5.20563333333333
5.29913333333333
5.88243333333333
6.04143333333333
5.1186
6.8557
5.58923333333333
5.2461
5.42553333333333
4.68793333333333
5.91456666666667
6.33313333333333
5.97286666666667
5.09196666666667
5.79726666666667
6.09336666666667
6.58453333333333
6.16903333333333
5.8892
5.97866666666667
6.7382
6.0258
7.14103333333333
6.67306666666667
5.30033333333334
5.8781
6.2946
5.56673333333333
5.87346666666666
6.759
6.2231
5.93723333333333
5.89586666666666
4.8928
6.55943333333333
6.12963333333333
6.48813333333334
5.06873333333333
5.17823333333333
6.13
5.92023333333333
6.14833333333333
5.91236666666667
6.155
5.59693333333333
6.07413333333333
5.98966666666666
6.2868
5.7186
5.20736666666667
5.17596666666666
5.3036
5.75403333333333
6.59596666666667
5.29736666666667
5.54703333333333
6.82346666666667
6.8349
5.08333333333333
6.27523333333333
5.7001
5.63263333333333
6.18166666666667
6.02266666666667
5.87593333333333
6.43646666666666
6.3734
5.9033
5.24636666666667
5.74813333333333
5.82183333333333
6.12193333333333
6.98566666666667
5.8794
5.49603333333333
5.91613333333333
5.96456666666667
6.55246666666667
6.52326666666667
5.4547
6.27046666666666
5.51356666666667
5.88716666666667
6.15793333333333
5.44126666666667
6.16753333333334
6.63936666666667
6.1006
5.28213333333333
6.44836666666667
5.17206666666667
6.20073333333333
6.5289
4.9421
6.58286666666667
6.00536666666667
5.98053333333333
5.7207
4.75443333333333
6.59126666666667
6.48926666666667
4.92826666666667
6.26553333333333
5.38766666666667
5.66483333333333
6.45456666666667
5.41663333333333
6.86736666666666
5.94723333333333
5.23506666666667
5.45926666666667
5.3406
6.0609
5.34156666666667
5.10303333333333
5.6696
6.12336666666667
5.86966666666667
6.51256666666667
5.8729
6.23566666666666
5.85086666666666
5.29476666666667
5.72293333333333
5.45843333333333
6.2207
6.20353333333333
6.99516666666667
6.61166666666667
6.1022
5.64446666666667
5.8289
4.9293
5.0613
5.9347
5.88293333333333
5.1666
5.44196666666667
6.2381
5.2565
6.36436666666667
5.83506666666666
5.90346666666667
6.0344
7.2153
7.59703333333333
6.8996
6.53036666666667
6.21973333333333
6.09336666666667
6.45396666666667
6.0365
5.63203333333334
5.1371
5.8004
6.43086666666667
7.234
7.0537
6.45563333333333
5.86836666666667
5.63036666666667
5.94403333333334
5.25703333333333
5.8949
5.95613333333333
6.9892
5.36673333333333
5.84106666666667
5.8393
6.49973333333333
6.28206666666667
6.21206666666667
5.5314
4.99953333333333
5.98366666666667
5.99246666666667
5.93713333333334
5.40003333333333
6.6213
6.91736666666667
5.41943333333333
5.37826666666667
5.07603333333334
5.2196
5.60206666666667
5.8907
5.54506666666667
5.451
5.63923333333333
5.87683333333333
5.56493333333333
5.90173333333334
6.16373333333333
5.1879
6.5081
5.53806666666667
6.74613333333334
6.29106666666667
4.90226666666667
7.04513333333334
5.4066
6.1025
6.24406666666667
6.24593333333334
5.4587
5.47803333333333
5.58516666666667
5.578
5.9841
5.53976666666667
5.3826
6.0811
6.96706666666667
5.7866
6.9285
5.57793333333333
6.70083333333333
5.32136666666667
5.14253333333333
5.66083333333333
6.26933333333333
5.06366666666667
5.65556666666667
6.4564
5.05563333333333
6.43906666666667
5.96226666666667
6.32973333333333
5.2419
6.3225
5.1208
6.15013333333333
5.61093333333333
5.3001
5.56093333333333
5.16616666666667
5.02416666666667
5.7186
6.6159
5.9505
5.8986
5.47143333333333
6.42693333333333
6.6309
6.63006666666667
5.5191
6.041
6.65713333333333
5.99526666666667
5.6186
5.4031
5.4862
6.77196666666667
5.3436
6.80263333333333
6.5219
5.2771
4.73183333333333
5.88463333333333
5.6338
5.91856666666667
6.75976666666667
5.93323333333333
6.32783333333333
6.2525
6.01786666666667
5.39413333333333
5.97383333333333
5.17406666666667
5.95836666666666
5.76686666666667
6.25286666666667
5.38826666666667
5.3892
5.49993333333333
5.5313
5.71166666666667
5.7529
5.7471
5.08383333333333
5.54356666666667
5.83383333333333
5.5051
5.2775
5.65136666666667
5.91006666666667
5.9457
5.69646666666667
6.75066666666667
6.72463333333333
5.33443333333333
6.6882
5.99023333333333
6.77436666666667
6.3338
6.2496
5.72643333333333
6.1447
5.1974
4.77826666666667
6.03953333333333
5.0951
5.82183333333333
6.77843333333333
5.97223333333333
5.86776666666666
6.17123333333333
6.6346
5.0715
5.7904
5.28416666666667
5.50283333333333
5.6612
5.7621
5.29893333333333
5.16093333333333
5.40423333333333
4.52303333333334
6.63413333333333
5.97596666666667
5.77073333333333
5.5743
6.1245
5.18453333333333
6.6882
5.4765
6.40966666666667
6.51626666666666
5.62316666666667
6.048
5.9843
6.3223
6.24793333333333
6.624
5.45686666666667
6.79006666666666
6.17846666666667
5.94816666666666
5.27073333333333
4.85903333333333
5.3858
6.2102
5.85313333333333
6.27603333333333
5.93583333333333
5.38613333333334
5.0033
6.25143333333333
5.2279
6.70096666666667
4.90213333333333
5.8528
6.55023333333333
6.57336666666667
6.6837
6.43086666666667
5.63113333333334
5.33216666666667
6.45013333333333
5.75736666666667
6.0942
5.198
5.77876666666667
5.9841
5.88833333333333
5.45813333333333
5.6235
5.81296666666667
5.97793333333333
6.2766
5.33903333333334
6.42293333333333
5.90533333333333
5.7572
6.48353333333333
5.51296666666667
6.34046666666667
5.7241
5.83406666666667
5.9193
6.1006
5.86283333333334
6.2907
5.43713333333333
6.82043333333333
5.25836666666666
5.9517
6.38966666666667
6.7134
6.06573333333333
5.44936666666667
5.9137
5.87536666666667
6.8451
5.14633333333333
6.2073
5.09293333333333
6.02496666666667
6.2315
5.2697
5.95856666666667
6.0216
5.02416666666667
5.57496666666667
6.38823333333333
6.53926666666667
6.39003333333334
6.6147
6.38083333333333
5.40756666666667
5.33836666666667
4.8372
5.8954
5.18926666666667
5.37643333333333
6.0428
5.4339
5.9311
5.9705
5.1825
5.3668
5.55003333333333
5.81563333333333
5.2843
6.61046666666667
5.90573333333333
7.04193333333334
6.11316666666667
6.2295
5.232
6.37816666666667
5.94796666666667
6.02863333333333
5.8729
5.94963333333333
6.62026666666667
5.8528
6.5336
6.6879
5.64936666666667
6.69326666666666
6.57536666666667
5.24086666666667
5.3257
5.85436666666667
5.07956666666667
6.0365
6.42693333333333
5.71886666666667
5.83086666666667
4.7955
5.8786
6.28706666666667
5.31496666666666
6.87963333333333
7.0037
5.01076666666667
4.80303333333333
5.85396666666667
6.9353
5.57916666666666
5.7221
6.22983333333334
5.95903333333333
5.52196666666667
5.66256666666667
6.32066666666667
5.688
5.95236666666667
5.2197
6.6882
5.2894
6.37266666666667
5.315
5.23366666666667
6.85483333333333
5.97696666666667
5.9771
6.9328
5.30613333333333
6.22566666666667
5.66746666666666
6.91623333333333
5.04666666666667
6.5714
6.24743333333333
5.1219
6.0008
6.73213333333333
6.4126
5.8227
5.727
5.60646666666667
5.81906666666666
5.65556666666667
6.22713333333333
5.7168
6.28206666666667
5.42626666666667
5.2911
4.7862
5.344
6.9213
5.5174
5.3017
5.8542
5.93966666666667
6.0978
5.55343333333333
5.3026
5.7518
6.11196666666666
5.4979
6.36373333333333
6.30716666666667
5.5205
4.94696666666667
6.48443333333333
5.34
6.13206666666667
5.42076666666667
7.0341
5.61533333333333
5.56446666666667
7.2913
6.28596666666667
5.4152
5.4592
5.09386666666667
6.61383333333333
5.3406
6.84603333333333
6.846
5.24696666666667
6.50053333333333
5.32186666666667
5.02536666666667
6.1766
5.14006666666667
6.6131
5.40436666666667
6.29086666666667
5.0683
5.53436666666667
5.93126666666667
5.97863333333333
6.6111
6.04603333333333
7.9964
5.8986
6.62833333333333
5.51943333333334
5.61446666666667
6.25543333333334
5.49366666666667
5.2922
5.8964
6.11001904761905
5.22803333333334
5.1754
5.45553333333333
5.65826666666667
6.97836666666667
5.72323333333333
5.13833333333333
5.79886666666667
6.3563
5.6533
5.8533
5.08416666666667
5.96926666666667
6.04126666666667
5.00606666666667
5.52033333333334
5.94396666666667
4.96203333333333
5.85373333333333
5.98886666666666
5.41033333333333
5.48886666666667
6.05843333333333
5.7194
6.31966666666667
6.61383333333333
5.56376666666667
5.60163333333333
5.31496666666666
6.08016666666667
6.00936666666667
5.81366666666667
6.26393333333333
5.98833333333333
5.44006666666666
6.6237
5.6223
5.89613333333333
5.84666666666667
6.088
5.9976
5.0587
6.05756666666667
6.33046666666667
6.12383333333333
5.25836666666666
5.0382
7.949
5.1966
6.54243333333334
5.60106666666667
5.91293333333333
5.92206666666667
5.97346666666666
6.50243333333333
6.22983333333334
6.57123333333333
5.04126666666667
5.47043333333333
6.062
6.08306666666666
5.70553333333333
5.95343333333333
5.68053333333333
6.04566666666666
5.23656666666667
5.81956666666667
5.91053333333333
5.88336666666667
5.10073333333333
5.11096666666667
5.1232
6.80213333333333
5.66493333333333
5.53296666666667
6.10366666666667
5.6817
6.43896666666667
5.0951
7.45023333333334
5.75803333333333
5.88643333333334
5.7623
5.20643333333333
5.4823
5.42203333333333
6.4111
5.96443333333333
5.19953333333333
5.6271
5.4979
5.29893333333333
5.555
6.26996666666667
6.59483333333333
6.7729
5.78636666666667
5.08693333333333
6.42946666666666
6.32716666666666
7.31083333333333
6.10073333333334
5.64706666666667
5.64153333333333
5.881
6.2445
6.82043333333333
6.42943333333333
6.1366
5.9302
5.93696666666667
5.8282
5.12636666666667
7.02063333333334
6.31033333333333
5.86233333333333
6.40966666666667
5.62943333333334
5.55836666666667
5.8815
5.82023333333333
5.27416666666666
5.88696666666667
5.03603333333333
5.61656666666667
6.06853333333333
5.4157
6.2262
5.26613333333333
6.11001904761905
5.68366666666667
5.55073333333333
6.84303333333333
6.04263333333333
6.07773333333334
5.80683333333333
5.76686666666667
5.19153333333333
6.26393333333333
6.70083333333333
5.5293
5.36763333333333
5.05496666666667
6.30783333333333
6.0607
6.18806666666667
7.04963333333334
5.1773
6.11043333333333
5.00633333333333
5.8749
6.01723333333333
5.9812
4.94663333333333
5.9458
6.27666666666666
5.53116666666666
5.105
5.25506666666667
5.85263333333333
4.4552
4.83466666666667
5.10146666666666
5.54473333333333
6.41036666666667
6.63153333333334
5.9311
5.9968
5.76183333333333
5.0715
5.17283333333333
6.6221
5.57143333333334
5.3338
6.65733333333333
6.1997
5.1219
6.48513333333333
6.93233333333333
5.9654
5.22086666666667
6.43606666666667
5.82883333333333
5.85633333333333
7.02316666666667
5.78873333333333
5.49106666666667
6.42706666666667
5.9097
5.67463333333333
5.86486666666667
4.65776666666667
6.67413333333333
6.64353333333334
5.15643333333333
7.00946666666667
6.4459
5.37916666666667
6.2277
5.48583333333334
5.60903333333333
5.48626666666666
5.5944
5.1848
6.50963333333333
6.46296666666667
6.07353333333333
6.1006
5.82736666666667
5.6748
6.2192
5.26936666666667
5.8913
5.94773333333333
5.4034
5.6061
6.04346666666667
5.18196666666667
6.45053333333334
5.88016666666667
6.6303
5.99246666666667
5.82643333333333
5.77096666666667
5.9873
5.4548
5.34696666666667
6.62833333333333
5.2917
5.20993333333333
7.2938
5.19736666666667
5.63883333333333
5.99873333333333
6.57366666666667
5.79523333333333
5.18463333333333
5.17323333333333
5.6987
6.0116
5.87626666666667
6.56486666666667
5.7374
5.3628
6.1173
5.87503333333333
6.1185
5.25616666666667
5.92833333333333
5.17056666666667
5.71956666666667
5.09386666666667
5.1865
6.35673333333333
5.9589
5.41416666666667
6.8788
6.2357
5.9865
5.94413333333333
6.3694
5.31686666666667
5.36436666666667
6.4065
5.41416666666667
6.79443333333333
5.97516666666667
6.1267
5.9165
6.02953333333333
5.79373333333333
6.503
5.76666666666667
5.21943333333333
5.85776666666667
6.65273333333333
6.59146666666667
5.67316666666667
5.17893333333333
5.10353333333333
5.82596666666667
5.93803333333334
5.3552
6.01296666666667
5.19386666666666
5.863
5.43136666666667
6.99213333333333
5.2459
6.84616666666667
5.35513333333333
6.0417
5.186
6.78386666666667
6.95396666666667
5.44756666666667
5.4327
6.0055
6.46806666666667
5.45176666666667
6.0022
5.57986666666667
5.83803333333333
5.46813333333333
6.27536666666667
5.92463333333333
6.214
5.78163333333333
6.3387
5.66933333333334
6.414
5.4006
7.3811
6.50596666666667
5.86023333333333
5.65016666666667
5.94156666666667
6.2452
5.4783
5.92283333333333
5.40993333333333
6.1029
6.6155
6.5175
6.12663333333333
5.98903333333333
5.05496666666667
6.07303333333333
6.98566666666667
6.57833333333333
5.49563333333333
6.2891
7.3811
6.1453
5.99246666666667
4.96286666666667
6.30443333333333
5.31673333333333
6.10183333333334
6.05156666666667
5.8892
6.78226666666667
5.9937
5.88336666666667
6.5688
6.49973333333333
5.5815
4.88446666666667
6.15533333333333
5.79
6.0007
6.42816666666667
5.1609
5.48283333333333
5.86213333333333
5.19613333333333
5.96653333333333
5.54273333333333
5.8826
5.90116666666667
6.0603
5.72516666666666
