5.18013333333333
5.4347
4.94143333333334
5.95673333333333
6.24503333333333
5.2726
5.3558
6.12103333333333
7.4224
6.5484
5.0789
5.6949
5.91876666666667
5.56883333333333
6.9388
5.71266666666667
5.22546666666667
5.783
5.84493333333333
5.4245
5.06813333333333
6.8372
5.3379
5.55566666666667
5.77613333333333
5.00976666666667
6.14213333333333
6.11223333333333
5.61816666666667
5.09006666666667
5.50453333333333
5.37456666666667
5.77786666666667
6.31233333333333
6.1962
6.0145
6.89743333333333
5.4643
5.73566666666667
5.52886666666667
7.13113333333333
6.33026666666667
5.37616666666667
5.5295
6.2517
6.4314
6.79886666666667
5.11626666666667
6.79103333333333
4.95346666666667
5.0473
5.73593333333333
5.8673
5.4471
5.80723333333333
5.19596666666667
6.26986666666667
6.91156666666667
6.0504
6.3398
5.73203333333333
5.37813333333333
5.3857
6.2182
5.13643333333333
5.18876666666667
5.221
5.17306666666667
5.79603333333333
7.13636666666667
5.47266666666667
5.35743333333333
5.13836666666667
4.99483333333334
5.64513333333333
5.74566666666666
6.25683333333333
5.4975
5.4084
5.17566666666667
6.84193333333333
6.36156666666667
5.77416666666667
5.92916666666667
5.10253333333333
6.64996666666667
6.02833333333333
6.1906
5.95643333333333
5.356
5.75366666666667
5.1197
6.02626666666667
5.3486
5.90703333333333
5.63526666666667
5.84553333333334
6.24083333333333
5.87173333333333
6.20856666666667
6.34643333333334
6.11843333333333
5.34466666666667
5.31086666666667
5.2703
5.8016
6.67536666666667
6.92343333333334
5.13123333333333
6.2377
5.17153333333333
6.02386666666667
5.82766666666667
5.0074
5.93373333333333
6.04903333333333
7.40846666666667
4.46826666666667
6.14873333333333
5.36803333333333
5.20653333333333
6.8657
5.9236
5.92723333333333
6.2335
5.13296666666667
5.1897
4.8079
5.002
5.53306666666667
6.6258
4.5697
5.51056666666667
5.53513333333333
5.9936
6.79366666666666
5.53556666666667
5.06636666666667
6.74606666666666
5.84276666666667
6.512
5.07783333333333
5.38996666666667
5.72706666666667
6.49013333333333
5.23503333333333
5.01056666666666
6.2534
5.295
5.73743333333334
5.55833333333333
5.7718
5.0753
6.8431
5.13103333333334
6.84306666666667
6.5791
5.88846666666667
4.983
6.04886666666666
6.56603333333333
6.05633333333333
6.29793333333334
5.0733
5.47726666666667
6.01226666666666
6.17046666666667
5.85846666666667
6.3632
6.00573333333334
6.12586666666667
6.38026666666667
5.716
5.25396666666666
5.7778
6.5427
6.33193333333333
6.94316666666667
6.63656666666666
5.7703
5.98893333333333
5.3594
6.42263333333333
6.9948
6.3565
6.03186666666667
5.98836666666667
6.50816666666667
5.8413
5.35466666666666
5.58916666666667
5.33956666666667
5.22773333333333
5.92416666666667
5.06553333333333
5.40193333333333
5.97436666666666
5.53283333333333
6.06293333333333
5.97526666666667
6.0682
6.0605
5.1273
5.36923333333333
6.4666
5.74183333333333
5.79833333333334
5.68433333333333
5.97936666666667
5.98286666666667
5.61216666666667
6.69083333333333
5.21296666666667
5.95166666666667
6.1307
5.1434
6.66473333333333
6.9378
5.2369
6.1289
5.51783333333333
5.34303333333333
5.3224
6.02726666666667
5.78103333333333
7.44596666666667
5.6338
5.65326666666667
5.04756666666667
6.1307
6.22063333333333
5.96166666666667
5.83453333333333
5.87006666666667
6.01823333333333
6.1205
5.8864
5.99886666666667
5.936
5.19973333333333
6.14396666666667
5.8385
6.0535
5.4935
5.93753333333333
6.79396666666667
6.7229
6.47086666666667
5.7172
6.81753333333333
5.34273333333333
5.30553333333333
6.523
6.69193333333333
5.4221
6.38203333333334
5.9659
5.5341
6.44483333333334
5.98706666666667
6.64866666666667
5.1918
7.0803
5.9914
5.0872
5.06046666666666
5.16553333333333
5.82306666666667
6.37073333333334
5.29793333333333
5.40836666666667
5.81036666666667
7.0226
5.03503333333333
6.7754
6.2284
5.17483333333333
5.95533333333333
4.8745
5.51
5.2106
5.27533333333333
5.9314
6.06256666666666
5.1257
6.84533333333334
5.59973333333333
5.26006666666667
5.49226666666667
4.5835
5.9503
6.30383333333334
6.00496666666667
5.0987
5.7433
6.04676666666667
6.527
6.18726666666667
5.90206666666667
5.95436666666667
6.7502
6.02326666666667
7.21306666666667
6.69083333333333
5.31546666666667
5.9376
6.26
5.5654
5.8544
6.75633333333333
6.2265
5.9944
5.87266666666667
4.90906666666667
6.60116666666666
6.10336666666667
6.4076
5.07476666666667
5.1813
6.19076666666666
5.98016666666667
6.0961
5.8084
6.13276666666667
5.58523333333333
6.06893333333334
5.95223333333333
6.2843
5.69853333333333
5.2152
5.18296666666667
5.28986666666667
5.76466666666667
6.5691
5.3071
5.51196666666667
6.72793333333333
6.8495
5.08553333333333
6.32953333333333
5.73423333333333
5.63563333333333
6.1871
5.9993
5.8728
6.41896666666667
6.3617
5.89623333333333
5.26843333333333
5.69823333333333
5.82693333333333
6.12113333333333
6.98353333333333
5.85536666666667
5.53526666666667
5.94236666666666
5.9862
6.56493333333333
6.61346666666667
5.3493
6.2022
5.45913333333333
5.90833333333333
6.13823333333333
5.465
6.18476666666666
6.54466666666667
6.11363333333334
5.30373333333333
6.46496666666667
5.17493333333333
6.15736666666667
6.50933333333333
5.0175
6.54946666666667
6.0484
6.01003333333333
5.6985
4.72693333333333
6.58806666666667
6.48946666666667
4.93206666666667
6.23766666666667
5.37926666666667
5.71876666666667
6.42606666666667
5.3824
6.80993333333333
5.94973333333334
5.24736666666667
5.50363333333333
5.3423
6.03493333333333
5.30526666666667
5.11516666666667
5.6505
6.18356666666667
5.84756666666667
6.54986666666667
5.91773333333333
6.2514
5.86083333333333
5.30553333333333
5.76246666666667
5.46013333333333
6.27023333333333
6.15736666666667
6.98656666666667
6.59083333333333
6.14816666666667
5.56883333333333
5.879
4.8832
5.07773333333333
5.90503333333333
5.88626666666667
5.15403333333333
5.5035
6.27196666666667
5.19833333333333
6.37333333333333
5.91536666666667
5.93983333333333
6.0429
7.24076666666666
7.56406666666667
6.88353333333334
6.5057
6.2033
6.04676666666667
6.4666
6.0471
5.62983333333333
5.17543333333334
5.78963333333333
6.48563333333334
7.25893333333333
7.14686666666667
6.49013333333333
5.90786666666667
5.66943333333333
5.9342
5.22286666666667
5.9433
5.94836666666667
7.0165
5.33803333333333
5.82036666666667
5.86176666666667
6.45013333333333
6.2648
6.23083333333333
5.59803333333333
5.0459
5.98836666666667
5.9916
6.00073333333334
5.37456666666667
6.632
6.8856
5.3164
5.345
4.99663333333333
5.2117
5.6796
5.8523
5.5376
5.53006666666666
5.62313333333333
5.84926666666667
5.5604
5.8931
6.12553333333334
5.12626666666667
6.53673333333333
5.51676666666666
6.75696666666667
6.301
4.89486666666667
7.05633333333334
5.4546
6.1582
6.19713333333333
6.20456666666667
5.41663333333334
5.48896666666667
5.58426666666667
5.57873333333333
5.95526666666667
5.57336666666667
5.2832
6.0813
6.99003333333333
5.83546666666667
6.9731
5.59816666666667
6.64983333333333
5.36756666666667
5.13426666666667
5.70783333333333
6.3149
5.11296666666666
5.6411
6.36883333333333
5.06656666666667
6.44693333333333
5.9591
6.3727
5.22276666666667
6.26366666666667
5.12123333333333
6.1728
5.6018
5.25706666666667
5.5861
5.1577
5.02293333333333
5.69853333333333
6.56713333333333
5.9523
5.82333333333334
5.43246666666667
6.3756
6.53216666666667
6.60046666666667
5.5765
6.02896666666667
6.694
5.97513333333333
5.61126666666667
5.38786666666667
5.48693333333333
6.7905
5.3362
6.8179
6.50026666666667
5.35053333333333
4.71093333333333
5.93256666666666
5.6582
5.93663333333333
6.74843333333333
5.91133333333333
6.4063
6.2807
6.05783333333333
5.36716666666667
5.88553333333333
5.16066666666667
5.82876666666667
5.79543333333333
6.21666666666666
5.3868
5.40216666666667
5.46693333333333
5.57946666666667
5.6736
5.7274
5.7483
5.09296666666667
5.5953
5.9007
5.39346666666667
5.31106666666667
5.6976
5.9016
5.98473333333333
5.7076
6.76546666666667
6.7661
5.30613333333333
6.75306666666667
5.99896666666667
6.69453333333334
6.3063
6.2541
5.7773
6.14433333333333
5.17186666666667
4.68486666666667
6.05723333333333
5.06883333333333
5.82693333333333
6.86016666666667
5.98553333333333
5.86003333333333
6.21863333333333
6.6269
5.04756666666667
5.74903333333334
5.22136666666667
5.4971
5.56326666666667
5.7122
5.29183333333333
5.1836
5.35023333333333
4.49213333333333
6.59913333333333
6.02263333333333
5.73973333333333
5.5434
6.2457
5.17303333333333
6.75306666666667
5.43223333333333
6.47086666666667
6.49933333333333
5.65556666666667
6.10206666666667
5.9513
6.18073333333333
6.27683333333334
6.64273333333333
5.5137
6.80743333333333
6.13263333333333
5.9344
5.27286666666667
4.85043333333333
5.2929
6.1586
5.90243333333334
6.28453333333333
5.91556666666667
5.35106666666667
4.9998
6.2573
5.1537
6.732
4.91003333333333
5.84513333333333
6.5668
6.5512
6.69463333333333
6.48563333333334
5.5926
5.3894
6.49756666666667
5.74173333333333
6.09136666666667
5.16116666666667
5.83696666666667
5.95526666666667
5.888
5.46333333333333
5.6845
5.85183333333333
5.99763333333333
6.33476666666666
5.35156666666667
6.42423333333333
5.91443333333333
5.755
6.50513333333333
5.4862
6.31223333333333
5.75893333333333
5.83236666666667
5.86553333333333
6.11363333333334
5.85593333333333
6.21793333333334
5.5424
6.84306666666667
5.2434
5.9479
6.36263333333333
6.6982
6.05036666666667
5.45363333333333
5.88123333333333
5.89173333333333
6.88043333333333
5.1374
6.2134
5.09003333333333
6.00686666666667
6.2962
5.28846666666667
6.04253333333333
5.94006666666667
5.02293333333333
5.61616666666667
6.31136666666667
6.54476666666667
6.28726666666667
6.58646666666667
6.35063333333333
5.3543
5.19966666666667
4.8751
5.89296666666667
5.21823333333333
5.40886666666667
6.08116666666667
5.4643
5.9293
5.98863333333333
5.1441
5.4031
5.53706666666667
5.788
5.2714
6.5942
5.89303333333333
7.01523333333333
6.085
6.2103
5.22596666666667
6.3168
5.9317
6.0334
5.91773333333333
5.88473333333334
6.60123333333333
5.83533333333333
6.5664
6.67843333333333
5.68713333333333
6.65296666666667
6.60933333333333
5.2795
5.30183333333333
5.91363333333333
4.98086666666667
6.0471
6.3756
5.69276666666666
5.7614
4.80603333333333
5.8984
6.2135
5.28026666666666
6.8867
7.02883333333334
5.00706666666667
4.90146666666667
5.835
6.92946666666667
5.58396666666667
5.6995
6.19826666666667
6.02863333333333
5.488
5.71233333333333
6.28113333333333
5.6752
5.9449
5.27696666666667
6.75306666666667
5.19603333333333
6.36636666666667
5.26776666666667
5.22133333333333
6.81876666666667
5.947
5.9527
6.9408
5.3216
6.15453333333334
5.67236666666667
6.9208
5.04833333333333
6.55593333333334
6.19376666666667
5.0997
5.99163333333333
6.70473333333333
6.36186666666666
5.80493333333333
5.7124
5.5351
5.82463333333334
5.6854
6.26036666666667
5.74303333333333
6.2648
5.45363333333333
5.2977
4.82733333333333
5.42943333333333
6.8959
5.59086666666667
5.29006666666666
5.88206666666667
5.93806666666667
6.14423333333333
5.55936666666667
5.26596666666667
5.76673333333333
6.21346666666667
5.55286666666666
6.3323
6.27103333333334
5.40576666666666
4.87783333333333
6.5195
5.4107
6.15353333333333
5.48676666666667
6.9306
5.59496666666667
5.606
7.40086666666667
6.283
5.40836666666667
5.41106666666667
5.09043333333333
6.6098
5.3423
6.8607
6.90513333333334
5.26126666666667
6.46763333333333
5.38063333333333
4.97896666666667
6.10286666666667
5.1371
6.68896666666666
5.35466666666666
6.31913333333333
5.0721
5.40696666666666
5.9079
5.92956666666667
6.5655
6.0764
7.995
5.82333333333334
6.61566666666667
5.51863333333333
5.63066666666667
6.2581
5.4216
5.23563333333333
5.88576666666667
6.1104
5.23596666666667
5.18033333333333
5.47656666666667
5.6782
6.92506666666667
5.67083333333334
5.14306666666667
5.8878
6.33896666666667
5.57656666666667
5.83943333333333
5.0947
5.95953333333333
5.9939
4.97983333333333
5.55803333333333
5.98613333333333
4.99926666666667
5.83483333333333
5.97656666666667
5.46446666666667
5.46423333333334
6.014
5.7341
6.33726666666667
6.6098
5.54286666666667
5.6009
5.28026666666666
6.12436666666667
5.99563333333333
5.765
6.27993333333333
5.92786666666667
5.38746666666667
6.615
5.61333333333333
5.83993333333334
5.83053333333333
6.0698
5.9647
5.01743333333333
6.05583333333333
6.3415
6.15033333333333
5.2434
5.03193333333333
7.96496666666667
5.17013333333333
6.50296666666666
5.58123333333333
5.89616666666667
5.96666666666667
5.96306666666667
6.4884
6.19826666666667
6.59606666666667
4.96163333333333
5.54246666666667
6.16746666666667
6.1158
5.71483333333333
5.9018
5.66243333333333
6.00113333333333
5.20873333333333
5.86283333333333
5.91143333333333
5.8568
5.0484
5.1029
5.13313333333333
6.7484
5.60343333333333
5.53223333333333
6.0878
5.75016666666666
6.43356666666667
5.06883333333333
7.45906666666666
5.7793
5.8949
5.74973333333333
5.19593333333333
5.51653333333334
5.44873333333333
6.32953333333334
5.965
5.1995
5.59356666666667
5.55286666666666
5.29183333333333
5.54436666666667
6.2273
6.6338
6.77243333333333
5.7463
5.0949
6.41056666666667
6.3074
7.2733
6.1365
5.66223333333334
5.683
5.89963333333333
6.23643333333333
6.79256666666667
6.39813333333333
6.1786
5.9411
5.9052
5.84003333333333
5.1027
7.05873333333334
6.2908
5.87193333333333
6.47086666666667
5.66343333333333
5.53456666666667
5.8912
5.80056666666667
5.25606666666667
5.9179
5.03766666666667
5.60716666666667
6.09256666666667
5.38806666666667
6.26266666666667
5.24103333333333
6.1104
5.73006666666667
5.61693333333333
6.8268
6.0428
6.07193333333334
5.78706666666667
5.79543333333333
5.2118
6.29273333333333
6.64983333333333
5.53283333333333
5.37763333333333
5.0602
6.33256666666667
6.04393333333334
6.2708
7.01783333333334
5.16803333333333
6.16473333333333
4.98343333333333
5.8847
6.007
5.95426666666667
4.875
5.8893
6.30543333333333
5.55883333333333
4.99173333333333
5.26133333333333
5.8001
4.42646666666667
4.8907
5.10776666666666
5.52736666666667
6.3843
6.61613333333333
5.9293
5.98116666666667
5.78436666666666
5.04756666666667
5.21293333333334
6.65273333333333
5.55183333333333
5.35646666666667
6.63036666666667
6.1562
5.0997
6.488
6.91146666666667
5.98376666666667
5.1689
6.48243333333334
5.8228
5.8237
7.02216666666667
5.7261
5.44
6.3928
5.94983333333333
5.65873333333333
5.8543
4.69223333333333
6.7255
6.644
5.13606666666666
6.9388
6.43116666666667
5.3991
6.2232
5.53416666666667
5.56726666666667
5.53856666666667
5.70623333333333
5.17803333333333
6.57513333333333
6.49906666666667
6.07553333333333
6.11213333333333
5.85393333333333
5.69823333333333
6.22353333333333
5.2941
5.9254
5.97226666666667
5.43676666666667
5.53803333333333
6.0653
5.19583333333333
6.47073333333334
5.86686666666666
6.59323333333333
5.9916
5.7988
5.74936666666667
5.9936
5.36316666666667
5.31826666666666
6.61566666666667
5.31606666666667
5.22606666666667
7.38456666666666
5.22186666666667
5.6624
5.9778
6.6027
5.79866666666666
5.16066666666667
5.1519
5.6496
6.01363333333333
5.8434
6.5303
5.80943333333333
5.38953333333333
6.0367
5.93366666666667
6.09463333333333
5.27623333333333
5.8992
5.1617
5.6588
5.09043333333333
5.12316666666667
6.3894
5.96216666666666
5.3873
6.82826666666667
6.33193333333333
5.9592
5.9307
6.38183333333334
5.22383333333333
5.4186
6.4224
5.3873
6.77893333333333
6.00533333333333
6.12783333333333
5.9298
6.0361
5.7293
6.50443333333333
5.77776666666667
5.18456666666667
5.78696666666667
6.6573
6.56386666666667
5.62206666666667
5.15456666666667
5.10426666666667
5.83896666666666
5.93123333333333
5.36806666666667
5.99796666666667
5.2233
5.89133333333333
5.42326666666667
6.9932
5.26713333333333
6.862
5.39976666666667
5.98703333333333
5.17643333333333
6.77273333333333
6.96886666666667
5.37876666666667
5.4693
6.02113333333333
6.46733333333333
5.50933333333333
6.02423333333333
5.5654
5.7947
5.4797
6.2456
5.95063333333333
6.244
5.7779
6.33943333333333
5.67233333333333
6.47086666666667
5.42463333333333
7.44103333333333
6.41116666666667
5.9014
5.63966666666667
5.90393333333333
6.214
5.4809
5.9167
5.39376666666667
6.07556666666667
6.64866666666667
6.58886666666667
6.2018
5.99866666666667
5.0602
6.09093333333333
6.98353333333333
6.53786666666666
5.4774
6.27496666666667
7.44103333333333
6.20573333333333
5.9916
5.02703333333334
6.45843333333333
5.27953333333333
6.0605
5.9817
5.90206666666667
6.79026666666666
5.98773333333333
5.8568
6.5901
6.45013333333333
5.62636666666667
4.92643333333333
6.11283333333333
5.83586666666667
5.9378
6.45613333333333
5.13946666666666
5.4851
5.89852380952381
5.1834
5.9526
5.51356666666667
5.9462
5.93506666666667
6.09113333333333
5.7634
