5.51622438984236
5.95273015826946
5.23494903025052
6.17661683954783
6.33627273824453
5.36965556163331
5.15979897073293
6.27671121419767
6.62672925203185
6.43173561239167
5.29573525861593
5.64974439572522
5.88859584849499
5.60662490727144
6.61796663954184
5.782587097308
5.46437109685811
5.68860907760456
6.0333973099488
5.57625823760884
5.5597486016036
6.69383701485413
5.59228867148453
5.79481425773118
5.84447634151347
4.98522810970783
6.5583024885529
6.02628967625756
5.48380427921003
4.77329552114498
5.18523977806606
5.75255360280026
5.8889123119046
6.35477569903903
6.39156476875574
5.87598772323205
6.57850694786773
5.77898322676651
5.54478959616971
5.59829118785185
6.71301554386977
6.03406278981442
5.17165346328596
6.38197187552356
5.86550533607796
6.58675582273395
6.37036351231086
5.32889621567047
5.98993909023831
5.00813517139514
5.25590837553238
5.8580129933387
5.96133520723049
5.49624308497432
5.69080834982783
5.29086900143784
6.23483823900309
6.59626275616122
6.13824324674817
6.11255602488696
5.65101214140829
5.38386025366063
5.9604896994942
6.16801536288175
5.70363728233706
5.06218774513203
5.47080456604626
5.78737858411119
6.27229038677584
6.41460673753533
5.17501376075531
5.90629483309364
5.3560252903974
4.89088833144841
6.71528461434312
5.26873526526606
6.10153417522704
5.77811300625377
5.49982405707783
5.57196640565783
6.22332734565781
6.23779488643282
6.05784710548049
5.71945908179372
5.22817643074947
6.58171372687025
5.9811060044452
5.77056387313008
6.09942714352648
5.35741051582522
5.82187236233715
5.75552116348168
6.10232333670971
5.37020167350206
5.82926866181128
6.25965533798207
5.47045615919106
5.96929298165347
5.98097029046173
6.07896100898037
6.27192848189905
6.22539335801152
5.8789540094416
5.47773278642159
5.90839296880427
5.48108524922884
6.68120200722603
6.86133268507261
5.51923157711846
6.54446039446432
5.12533151446862
5.8191926606283
5.72058891026127
5.02448251901403
5.49497858837104
5.91356402422521
6.71329975211493
4.5368171651106
6.18194274930789
5.71542809967373
5.43000750872707
5.88379886869274
6.05770992957972
5.77286869710541
6.31006860070502
4.83010120989754
4.57920627463291
5.47883781605286
5.22693595995489
6.31257521277467
6.0515174192185
5.15228335589501
5.97128084719492
5.51560470393695
6.05115038860048
6.69859611797928
6.2389915067166
5.67253776232102
6.48586148276459
6.37397543088967
6.16303691921254
5.22510894702132
5.5095615771845
5.55766200005353
6.55957160444382
5.47872226849247
5.38809820611549
6.25693209365159
5.61023040834878
6.13939382974905
5.35861708191728
5.70042381618526
5.86311798433929
6.00036201835595
5.57506085686024
6.45247606814859
6.7605683965664
5.7302232070062
5.46198601149399
6.02460919155581
6.30728432706088
6.30967811330561
6.29128014256476
5.50135812527617
5.90642614002986
6.4356264288807
6.08334426999025
5.62361596564585
6.51764454349277
6.01533013372101
6.41427913077361
6.2880113312914
5.87196438395394
5.35365276237117
5.83568246455927
5.92494020826704
5.8643199306903
6.78802169250895
6.7685030738639
5.91702364753622
6.51241523256017
5.65127579601913
6.61581342870861
5.49788260672906
6.44310399287438
6.06156794457484
6.00060746169749
6.75568997872271
5.63218905876004
5.50378071201192
5.07404863655713
5.74286996304972
5.51509270544873
5.81635187702407
4.69119478988049
5.11166155926322
5.90692547751131
5.4967153843333
6.18876531652486
5.98808679832849
6.19477253395711
6.24804885481766
5.17353320307932
5.61797366543228
6.40304073424992
5.72687165834846
5.75116549567902
5.39847550217096
6.31624908421072
6.15447056868775
5.76054420752511
6.22099027929753
4.96465042979496
6.09592501651372
6.43736568351549
5.48091635262067
6.43632147440412
6.59695305873582
5.28840644693077
6.30975410158886
5.5897044068519
5.59889218661746
6.03674581706205
6.16834950853631
5.9194990646274
6.87488424961895
5.8016636274285
5.66043546828402
5.7410486941313
6.43736568351549
6.33938656767004
5.83542948968549
6.02579420915929
6.13259133641535
6.1539593336642
5.96327258473469
6.20498665000641
5.6940434799357
5.84909075576029
5.80332681846331
6.05788259690255
5.99220441501269
6.03075717229698
5.60618363905531
6.48591387098269
6.29101122505348
6.36335860585911
5.63551146419868
5.82553484657373
6.69371699581048
5.31820398354034
5.28386595342768
5.94131624518948
6.4457704309949
5.46155791135913
6.48803374506199
6.05072820527204
5.62615826306001
6.84103524254184
5.66530574120439
6.43479416217654
5.45606326645885
6.78043769290713
5.79433798980502
5.67243304609019
5.18467239244998
5.36133770378249
5.65803095097798
6.54063888274393
5.14081784325998
5.39621526431942
5.83899205080833
6.84862251462718
4.91467549733033
6.14901638549727
6.20164222895892
5.33518338257766
5.88111540759936
4.67085148703488
5.3918836335507
5.6082031653945
5.35633714186636
5.91029315948967
6.02731832603848
5.51404798172298
6.7787523867777
5.78413980058814
5.50805801947304
5.88112241904715
4.86128811985444
6.36084605086743
5.94894161536859
6.25155881100689
5.02049355437403
5.83611008014453
6.43211310254466
6.75164006295488
6.09123012936661
5.61066053558827
6.01401954473755
6.33806875602643
6.67125339594655
6.15904825352908
6.22099027929753
5.18165682959229
5.85318059898429
6.00027089809125
5.55939591165926
5.49722616182175
6.17651897241925
6.1523448906888
6.06046805597793
6.12908920940259
5.15977284133373
6.58087291127667
5.79224512118981
6.27974417366139
5.70711591953033
5.82933195379268
6.58179488564551
5.83921818677576
5.79099964069124
5.7682117982173
6.24937870075043
5.24461180030655
6.23674648322772
5.80292117405848
5.86271452584905
5.85398313707837
5.19336649531604
5.63733941675091
5.40151411056211
5.648088578624
6.57990920295993
5.73154872384094
5.49396995988038
6.47528545984457
6.18609818585981
5.32366249637106
6.06675784140492
6.09293353790054
5.78200495457302
6.23042309613819
6.1137133440572
5.38520862661941
6.80196470988932
6.16323489655689
5.91867379969415
5.74297498333507
5.89918317186759
5.90021190804899
6.31513701587789
5.50163446650658
5.86572728798389
5.32458404404465
5.90603697816585
6.06593708471843
6.12956919296526
6.35567554257497
5.7515776916305
6.02951242504495
5.39712587790446
5.77995875808002
6.10754214312299
5.64027762235764
6.19026309756579
6.81518635314799
6.23127334185751
5.81530350536498
6.36752570436235
5.33261100508211
6.34965690195902
6.38759804280889
5.52107877883148
6.60938709993632
6.12651423120567
5.8569722760503
5.80210621834027
5.15942777775413
6.56240713347092
6.37763069859166
5.00285832716293
6.13847536291157
5.84165868236796
5.67269426704026
6.43426391544376
5.34843552961707
6.26961289844961
5.89816080608968
5.30056770804808
5.57966934020393
6.14743601436201
6.02436311129776
5.32426410047643
5.15819871750564
6.84575846615407
6.39927202270586
5.8121440710287
6.75647915470694
5.8792482174313
6.18747084785278
5.72113445370849
5.28386595342768
6.04574435397056
5.82681108166928
6.35200314070319
6.35315902897178
5.65452206446744
6.27719869069391
6.27612924384325
5.60662490727144
5.882987502737
5.93021887301479
5.2861666018979
5.59065762455123
6.14528169775635
4.64850840102188
5.34917687043309
6.19448348635599
5.08527306669979
6.07012386293759
6.06582070674395
5.864154345939
5.76885027000611
6.17056922244131
6.18540783229121
5.38141704620079
6.71425398941286
6.04036519886626
6.43211310254466
6.40304073424992
5.71772485055751
6.1202842453198
5.6412115690157
5.55047874577972
6.39460749831532
6.95828740225528
6.40079981591423
6.55957160444382
5.73472496923439
5.16936565762761
5.71773280222373
5.64688804268478
6.36595179350684
6.10227543440672
6.46626575269984
5.46262893919069
6.1229521654778
5.94977531434398
6.24466037007173
6.33801721739359
5.99410510622466
5.37989746902826
4.96651063809896
6.00060746169749
5.43928876338085
5.9325504742955
5.75255360280026
5.91169358511361
6.76905430633081
5.20469672454803
5.47032941319045
5.66248435066923
5.51438400602477
5.81040544742084
6.07659148269703
5.85385250781797
5.81738181894919
5.72748904098112
5.92274676101579
5.85239943225199
5.94451852635886
6.32905172539311
6.06428572154888
6.71353900922991
5.77728366264351
6.37096945959434
6.16764082735364
5.96239194077065
7.01178990089652
5.86337853081473
5.86592900192322
6.5411734252925
5.99146035087282
5.26094601420068
5.90114659932513
5.98346597516198
5.31024951959042
5.53049991786759
5.64324053221196
5.65483457023301
6.18116588986807
6.48554491962174
5.79252592496128
7.02217889058544
5.16319634346628
6.572225445416
5.44689044811874
5.52399572327322
5.41340715627882
6.06837052598262
5.8382433392911
5.711560721066
6.28936254120151
5.43095335614717
6.34120384187175
5.97484022363188
6.37618643129262
6.03432761707202
6.57511455369197
5.53403776634997
6.16373692305584
5.60554923601781
5.1890781282065
5.57504109892354
5.5827962216535
5.25395446907099
5.85398313707837
6.42185769107585
6.00404621085579
6.04452854273191
6.1069442846726
6.21263176673378
6.67797613397858
6.31612674469835
5.63724282944256
6.26222514420915
6.37704024584876
5.93504592886886
5.49827986748679
5.60723204504753
5.3364920387469
6.78407298087879
5.96994029073557
6.76152038126649
6.48909589700894
5.75675435527572
5.35007594755479
6.51017193038605
6.1841512268519
6.01589292844638
6.60142850257628
5.92349177240713
5.9472005537355
6.71590836990867
5.8413154405307
4.79118876410928
5.70515839472801
5.26039838901815
6.06162857431122
6.13213501926627
6.35896839818593
5.75399496807069
5.2248090895812
5.65068914832234
5.54297808349989
5.52092015039714
5.80311784881314
6.15007170763225
5.35429980432125
5.53150316050575
6.08356362354278
5.34072338313255
5.63862877168824
5.87645591295033
5.89243844176103
5.80542700039657
5.42201902464664
6.69973660133741
6.64786469114348
5.24212658442145
6.4678479560839
5.84998741353843
6.27780856576051
6.25641955774534
6.79311465909315
5.66560169969722
5.85058198972357
5.18425894911105
5.89864789590247
6.10113918149092
5.85318401177202
5.90021190804899
6.15288645107002
5.96520396818477
5.91479919317246
6.29072091704988
6.26823038662774
5.7410486941313
5.65411615462406
5.79595311656578
5.64915285447293
5.67521378332555
6.07696541307509
5.59177230392354
5.58425965500402
5.99371252656702
4.93820779068937
5.98805805543063
6.62779911574801
5.87124784551147
5.38916442824169
6.36765767419531
5.21913392635268
6.4678479560839
5.42074620290699
5.63551146419868
5.94347865079334
5.63797503216873
6.25704420326263
5.89024846477687
5.52492826766396
5.97608373040261
6.33246874765899
6.05457861685647
6.43622927096072
6.31811090403868
5.77661454315054
5.31086170059742
4.65046253183186
5.52285639686691
6.67505353906807
5.84108038980636
6.47245506099372
6.00235365704195
5.59637677230091
5.15401379893481
6.75550483751541
4.64519276295012
6.73944311330091
5.20050412493156
5.46183692996879
6.31606937155882
6.5813896239168
6.25049669023383
6.39460749831532
5.55655261140173
5.21657895466716
6.09143313075631
5.75800784089181
6.17735067588667
5.55395112793525
5.83754120721951
5.53049991786759
5.93046441106135
5.20264916435182
5.88135826582287
5.60999732483846
5.8977351264827
6.36894950788779
5.2598442036531
6.55975487108238
6.25860676466928
5.62309739815835
6.18962521417232
5.92112447804969
6.37682593523997
5.64025974545747
6.26912829589799
5.31526020671337
6.23127334185751
5.89161284678744
6.04166069124635
5.42389081219247
6.45247606814859
5.22070800564626
5.99997811366347
6.33405041185184
6.24985428982763
6.20686610688018
5.3866630180491
5.35752023343694
5.86961743217119
6.62131204419628
5.25701400636175
6.20368904367699
5.20906524002327
6.16176546803782
6.32565913741702
5.64719443013969
6.13512904459779
6.04591909658727
5.25395446907099
5.96335130060391
5.98105536946505
5.98976688374817
6.05532348479976
6.40849055329759
6.41943437346728
5.73837709059216
4.75262524925005
4.73581313556893
5.72917568796266
5.17028994943874
6.29016750660968
5.97762658533913
5.77898322676651
5.64096449833173
6.40902579792518
5.58941642126624
5.75147644621711
5.551177166844
5.72950899834827
5.50204701967913
6.34391552295418
6.25322658918434
6.81823845730954
6.25829696653958
6.55124736255983
5.91316711637661
6.55695341738039
5.42011908309932
6.15725546088038
5.8792482174313
5.89914817141087
5.90324411430569
5.67709886332781
6.40200070779694
6.7268611969698
5.60868638345131
6.87450621463886
6.46860729499485
5.19024228450659
5.30868765320169
5.89829491152051
4.9664907844892
5.71772485055751
6.21263176673378
5.94878133691604
6.73827481517612
5.13380649106113
5.25082058516963
6.70930257444811
5.52404011467767
6.59612769247706
6.44246442629118
5.87229934570906
5.08000788518128
5.34089056927795
6.50981499654086
5.5169543199839
5.43883402968124
6.09776994697145
5.74870169073854
5.63152807999685
6.25997462453585
6.50931571218457
5.42123318317538
5.49244484341953
5.46595908118055
6.4678479560839
5.67987128203227
6.54739284249771
5.58786382839806
5.31972590974154
6.65759217857814
5.90633049803884
5.88881933642094
6.22623590432134
5.48620479035073
6.31215146744484
5.49269014387749
6.45757268675309
5.30356759713979
5.79181561410216
6.44420393547091
5.62163024344553
5.86087283026328
7.10760019362428
5.66727836315047
5.32311838149705
5.84589610306401
5.59125389919271
5.7561191803872
5.17206011435421
6.37569264983501
5.28260814865536
6.33801721739359
5.41565895117083
5.5447799927052
4.59081743718279
5.85950955241612
6.19440998546103
6.00525398039025
5.23213296728188
6.10927879812685
6.05264504675034
6.27346887043239
5.98306524742238
5.60837314594361
5.61842638109376
6.20758155654291
5.8774201871249
6.11893744804815
6.27206880099232
6.25104657745501
5.05540285928659
6.04067326495212
5.84797812966997
6.30098747867622
5.63585860784074
6.80851182025454
6.34843627550788
5.66077806362318
6.48137663416199
6.27587235530128
5.39621526431942
5.47673390858401
5.17299294616779
6.33691126892868
6.14743601436201
5.55282014220001
6.80519137961612
5.60390783954546
5.6903221675559
5.53018333415557
5.54484309351968
6.25141228904884
5.30728033162993
6.46164499682864
5.50378071201192
6.46295057994309
5.1879321060566
5.66130734784279
6.18669835029294
5.94662202073688
6.0061630846622
6.0413374293092
5.54746511569035
6.04452854273191
6.11630017734362
5.51107972094355
5.21933132112472
6.46777778962434
5.66000078441321
5.00345768439863
5.81662342378724
5.49245172106123
5.07130283823535
5.15374891524112
5.79577084418253
5.63740404988068
6.67512081872157
5.56584462778565
5.47967864802796
5.85079288027807
6.09083943220322
5.81485276920751
5.6261918819686
5.28650516265511
5.49340460818484
6.16659244123254
5.01834099954646
5.68676440460925
6.04675647671697
5.22501623892878
5.72571046413986
5.8385517529831
5.66847137206894
5.46378199537737
6.00162765085308
5.70280122908804
5.90271725242926
6.33691126892868
5.44621459060556
5.54648570153366
5.52404011467767
6.42143036984642
5.90418768593702
5.81322008137846
6.37489886939899
5.71813203815247
5.680511597752
6.50133873792819
5.54743846588078
6.03656971270188
5.60179428735982
5.88975855478875
5.90125517064081
5.05709280629729
6.09782296223021
6.39030850110374
6.04039934850682
5.22070800564626
5.38981997604223
5.65880307047146
6.24303096594759
6.69286786810968
5.71285849086011
6.02338024421205
6.06967159780137
6.11404764039391
6.71850235706409
6.09776994697145
6.60364707349259
5.20984047549146
5.09759424873766
5.91646432950458
6.16205104222647
5.78508856866861
6.13762287142565
6.27611954206646
6.00922349036565
5.52093799594024
6.22548360409813
5.9445755472824
5.93841846189055
5.09342251429427
5.36325671124591
5.56517372518957
6.41398058200088
5.69460058147652
5.9387655326095
6.39437868243295
5.78977178948228
6.09850739459892
5.85318401177202
6.68386494936375
5.94846169863543
5.7310776902756
6.06503275366402
5.75038049125
5.60305547476848
5.83185045204523
6.20575582700798
5.86061537934794
5.03295322324538
5.65197856684996
5.8774201871249
5.59177230392354
5.3695241706899
6.23703849664062
6.41164997748711
6.22810258028136
5.84020465284588
5.65317177190339
6.89387350172356
6.28244674346764
6.03177659921429
6.02926215095906
6.28455455489351
4.94371148765082
5.92905472481072
6.24695082454782
6.28986858411838
6.66592013503844
5.72366094574559
5.98130002971759
6.1262544958387
5.82687358214308
5.30195652069346
6.76678975174989
5.89870213292917
5.7475275273744
5.63551146419868
5.72952588326209
5.58151526353347
5.99295337128427
5.93474571082566
5.22144785323305
5.70427562935911
5.43384749270386
6.23609318979311
6.33987820063248
5.51645200554191
6.26704535479952
5.40459146135556
5.49245172106123
5.86527968059411
5.69309362105937
6.11006382444066
6.35803247326366
6.25427556829751
5.42069516701681
6.13213501926627
5.54941712318617
6.90751005457401
6.572225445416
5.4967153843333
5.67481312158829
4.69424634834559
5.66473326401285
6.07237070458134
6.24829059713432
7.17252245930084
5.33487536367368
5.95416729487796
5.16177363729327
5.84869918272955
5.83048308470756
5.81305112581311
5.09952155097781
5.75478970132043
6.04255278072833
5.84064129339583
5.38793433194327
5.47224832167711
5.98870699212075
4.87451904092987
4.78441058787786
5.25525079418611
5.76676803639473
6.58691744602912
6.05172170922612
5.64096449833173
5.8191652626596
5.29197528068842
5.7410486941313
5.32227415420585
5.82444908471539
5.8516691995995
5.39411284269578
6.05555728301378
6.16499419378208
5.62163024344553
6.39706172303709
6.37298115004985
5.69852108474783
5.48310235349166
6.01147585707617
5.7326080537612
5.75632572990056
6.82543173040613
5.95820147412258
5.52642434998106
6.5913061416958
5.825045229833
5.27242183163772
5.86092026152319
4.70726853693461
6.25952702899685
6.78209741604851
5.01542599968333
6.61796663954184
5.9441685219852
5.45818970120013
6.01726587871284
5.95193664821024
5.33599698249212
5.50730687309678
5.00833934760716
5.24128706135599
6.67899249727007
6.31150072426174
5.98860667553389
6.25853280495089
5.83410398741435
5.27400076586613
6.06431515118393
5.33372111084622
5.90066933217745
6.01968714336449
5.73947389456646
5.51917720912743
6.0085243016531
5.44921658419794
6.52664056871853
5.63547582099397
6.35994651429597
5.43928876338085
5.68679504158969
5.07483768161303
6.05115038860048
5.69267302621881
6.05763228575079
6.11630017734362
5.56382431398698
5.63535550028436
6.44807505495529
5.52291347176679
5.60187056255381
5.76868458291357
6.72354399694694
5.70502094677847
5.47509027572229
5.56803753222869
5.35821487620371
5.96774334055532
5.81901016423488
6.5114020218034
5.59461305448113
5.72566537779828
6.09741984571942
5.60901861317289
6.10812520408035
5.32823766627238
5.63455799883533
5.11937431372986
5.81257699199847
5.17299294616779
5.57161982961678
6.31050395189576
5.4214435546802
5.29579538205074
6.40040645575284
5.8643199306903
5.74549425478395
5.91545975942374
6.40819849398089
5.3821105585318
5.884888751015
6.01982679007794
5.29579538205074
6.72510651362768
5.89598233784584
6.10080034286069
5.46344057502764
5.94069429035782
5.51699162439525
6.34553350657258
5.42588046881687
5.20591480549853
5.90228161957328
6.47909228960679
6.41376287332922
5.91581737247492
5.62820539918484
5.40056072551444
5.16302463856125
6.04326644751116
5.17907077750986
5.75365044388633
5.25472133737528
5.47951880484958
5.5473874772523
5.58421890703242
5.41568740331648
6.41896472066851
5.53631198624065
6.1506508215517
6.10271707423373
6.56283621817435
6.69929657888929
5.76746466493569
5.864379750496
5.5598976733421
6.27118943761507
6.46635546192202
5.88824418481501
5.61257795941699
5.62696784709148
5.3506442221607
6.61109730068325
5.63774129158947
6.42915967475046
5.97253915974491
6.25258871992601
5.73995376835051
6.08850992188582
5.26248947371216
6.34224548242502
5.98207174879892
5.72185813319707
5.98217471088909
6.15100652616518
6.10515383422908
5.58077521849595
5.74636273085532
5.48968960664107
5.89263428430355
6.43479416217654
6.57620697490253
5.99539285285824
5.73008992441368
4.69424634834559
6.33180286447715
5.50163446650658
6.69584348248277
5.76310994924772
6.47471118984653
6.34224548242502
6.5070563645318
5.43928876338085
4.85094559366526
5.6983409388745
5.62447258022335
6.1122368763848
6.01807015456605
5.61066053558827
6.34863372508612
5.87635617543381
5.93841846189055
6.82146444047581
6.24466037007173
5.55241986190466
4.99559930542999
5.94131307127097
5.4047940380908
6.2493994907789
5.5793766948845
5.22530523249591
5.82460106060068
6.01056086209653
5.66160952819284
5.93829880406673
5.39257300643782
5.44418001710099
5.68337312768803
5.98312058828829
5.40190146034041
