5.51622438984235
5.95273015826945
5.23494903025049
6.17661683954782
6.33627273824451
5.36965556163328
5.15979897073295
6.27671121419771
6.62672925203186
6.4317356123917
5.29573525861591
5.64974439572523
5.88859584849501
5.60662490727149
6.61796663954187
5.78258709730805
5.46437109685813
5.68860907760455
6.03339730994882
5.57625823760885
5.55974860160361
6.69383701485416
5.59228867148459
5.79481425773118
5.84447634151352
4.98522810970783
6.55830248855291
6.02628967625759
5.48380427921005
4.77329552114497
5.18523977806611
5.75255360280025
5.88891231190461
6.35477569903903
6.39156476875573
5.87598772323208
6.57850694786776
5.77898322676654
5.54478959616974
5.59829118785188
6.71301554386979
6.03406278981444
5.17165346328594
6.38197187552358
5.86550533607795
6.586755822734
6.37036351231089
5.32889621567047
5.98993909023838
5.00813517139519
5.2559083755324
5.85801299333868
5.96133520723051
5.49624308497434
5.69080834982784
5.29086900143784
6.23483823900311
6.59626275616125
6.13824324674822
6.11255602488695
5.65101214140831
5.38386025366068
5.9604896994942
6.16801536288181
5.70363728233708
5.06218774513208
5.47080456604631
5.78737858411123
6.27229038677587
6.41460673753533
5.17501376075532
5.90629483309366
5.35602529039745
4.89088833144843
6.71528461434312
5.26873526526609
6.10153417522705
5.77811300625375
5.49982405707784
5.57196640565782
6.2233273456578
6.23779488643289
6.05784710548052
5.71945908179373
5.22817643074951
6.5817137268703
5.98110600444524
5.77056387313008
6.09942714352653
5.3574105158252
5.82187236233717
5.75552116348167
6.10232333670977
5.37020167350207
5.82926866181133
6.25965533798206
5.47045615919107
5.96929298165349
5.98097029046174
6.07896100898042
6.27192848189908
6.22539335801154
5.87895400944161
5.47773278642162
5.90839296880424
5.48108524922889
6.68120200722609
6.86133268507262
5.51923157711851
6.54446039446433
5.12533151446865
5.81919266062832
5.7205889102613
5.02448251901405
5.49497858837106
5.91356402422524
6.71329975211498
4.53681716511064
6.18194274930789
5.71542809967376
5.43000750872705
5.88379886869273
6.05770992957973
5.77286869710541
6.31006860070499
4.83010120989758
4.57920627463299
5.47883781605287
5.2269359599549
6.31257521277464
6.05151741921853
5.15228335589505
5.97128084719499
5.51560470393698
6.05115038860045
6.69859611797933
6.23899150671663
5.67253776232104
6.48586148276463
6.37397543088966
6.16303691921259
5.22510894702136
5.50956157718448
5.55766200005355
6.55957160444383
5.47872226849253
5.3880982061155
6.2569320936516
5.61023040834882
6.13939382974905
5.35861708191729
5.70042381618527
5.86311798433934
6.00036201835591
5.57506085686026
6.4524760681486
6.76056839656642
5.73022320700625
5.461986011494
6.02460919155585
6.30728432706092
6.30967811330561
6.29128014256481
5.50135812527618
5.90642614002984
6.43562642888074
6.08334426999028
5.62361596564587
6.5176445434928
6.01533013372101
6.4142791307736
6.28801133129146
5.871964383954
5.35365276237118
5.8356824645593
5.92494020826707
5.86431993069036
6.78802169250897
6.76850307386394
5.91702364753624
6.51241523256019
5.65127579601913
6.61581342870865
5.49788260672911
6.44310399287441
6.06156794457487
6.00060746169748
6.75568997872274
5.63218905876009
5.50378071201196
5.07404863655713
5.74286996304972
5.51509270544876
5.81635187702409
4.69119478988052
5.11166155926326
5.90692547751134
5.49671538433335
6.18876531652488
5.98808679832852
6.19477253395718
6.24804885481772
5.17353320307937
5.61797366543232
6.40304073424991
5.72687165834855
5.75116549567904
5.398475502171
6.31624908421074
6.15447056868778
5.76054420752514
6.22099027929757
4.96465042979498
6.09592501651375
6.43736568351548
5.48091635262075
6.43632147440416
6.59695305873582
5.28840644693078
6.30975410158889
5.58970440685189
5.59889218661748
6.03674581706207
6.16834950853631
5.91949906462746
6.87488424961896
5.80166362742852
5.66043546828404
5.74104869413133
6.43736568351548
6.33938656767012
5.83542948968551
6.02579420915932
6.13259133641536
6.1539593336642
5.96327258473472
6.20498665000648
5.69404347993569
5.84909075576028
5.80332681846332
6.05788259690258
5.99220441501275
6.03075717229699
5.60618363905531
6.48591387098272
6.29101122505349
6.36335860585915
5.63551146419866
5.82553484657377
6.69371699581051
5.31820398354039
5.28386595342772
5.94131624518947
6.44577043099495
5.46155791135918
6.488033745062
6.05072820527205
5.62615826306003
6.84103524254188
5.66530574120441
6.43479416217658
5.45606326645887
6.78043769290716
5.79433798980502
5.67243304609019
5.18467239245003
5.36133770378248
5.65803095097801
6.54063888274398
5.14081784326001
5.39621526431944
5.83899205080839
6.8486225146272
4.91467549733038
6.14901638549731
6.20164222895898
5.33518338257766
5.8811154075994
4.67085148703494
5.39188363355071
5.60820316539449
5.35633714186637
5.91029315948968
6.02731832603853
5.51404798172301
6.7787523867777
5.78413980058814
5.50805801947304
5.88112241904714
4.86128811985446
6.36084605086747
5.94894161536861
6.25155881100692
5.02049355437412
5.83611008014456
6.43211310254463
6.7516400629549
6.09123012936661
5.6106605355883
6.01401954473758
6.33806875602641
6.67125339594657
6.15904825352906
6.22099027929757
5.18165682959233
5.85318059898429
6.00027089809129
5.55939591165927
5.49722616182179
6.17651897241927
6.15234489068885
6.06046805597794
6.12908920940258
5.15977284133376
6.58087291127672
5.79224512118984
6.27974417366141
5.70711591953032
5.8293319537927
6.58179488564555
5.83921818677579
5.79099964069125
5.76821179821731
6.24937870075046
5.2446118003066
6.23674648322774
5.80292117405851
5.86271452584907
5.8539831370784
5.19336649531607
5.63733941675097
5.40151411056212
5.648088578624
6.57990920295998
5.73154872384098
5.49396995988039
6.47528545984461
6.18609818585986
5.32366249637107
6.0667578414049
6.09293353790053
5.78200495457304
6.23042309613823
6.11371334405725
5.38520862661939
6.80196470988929
6.16323489655694
5.91867379969416
5.74297498333508
5.8991831718676
5.90021190804896
6.31513701587794
5.50163446650659
5.86572728798393
5.32458404404468
5.90603697816588
6.06593708471845
6.12956919296526
6.35567554257502
5.75157769163052
6.02951242504499
5.39712587790446
5.77995875808004
6.10754214312302
5.64027762235768
6.19026309756583
6.81518635314805
6.23127334185756
5.81530350536507
6.36752570436236
5.33261100508214
6.34965690195907
6.38759804280891
5.52107877883151
6.60938709993631
6.12651423120571
5.85697227605033
5.8021062183403
5.1594277777542
6.56240713347094
6.37763069859169
5.00285832716296
6.13847536291161
5.84165868236795
5.67269426704029
6.43426391544378
5.34843552961711
6.26961289844961
5.89816080608972
5.30056770804811
5.57966934020393
6.14743601436203
6.02436311129781
5.32426410047648
5.15819871750567
6.84575846615408
6.39927202270592
5.81214407102872
6.75647915470696
5.87924821743131
6.18747084785285
5.72113445370849
5.28386595342772
6.04574435397055
5.82681108166929
6.35200314070319
6.35315902897185
5.65452206446745
6.27719869069396
6.27612924384329
5.60662490727149
5.88298750273703
5.93021887301479
5.28616660189794
5.59065762455121
6.14528169775635
4.64850840102188
5.34917687043312
6.19448348635599
5.08527306669982
6.07012386293762
6.06582070674397
5.86415434593901
5.76885027000615
6.17056922244135
6.18540783229119
5.38141704620083
6.71425398941291
6.04036519886627
6.43211310254463
6.40304073424991
5.71772485055752
6.12028424531984
5.64121156901573
5.55047874577977
6.39460749831538
6.9582874022553
6.40079981591428
6.55957160444383
5.73472496923443
5.16936565762765
5.71773280222374
5.64688804268479
6.36595179350685
6.10227543440676
6.46626575269985
5.4626289391907
6.12295216547781
5.94977531434404
6.24466037007177
6.33801721739356
5.99410510622471
5.37989746902824
4.96651063809895
6.00060746169748
5.43928876338087
5.93255047429554
5.75255360280025
5.91169358511365
6.76905430633083
5.20469672454805
5.47032941319048
5.66248435066928
5.5143840060248
5.81040544742086
6.07659148269704
5.85385250781795
5.81738181894922
5.72748904098114
5.92274676101585
5.85239943225199
5.94451852635887
6.3290517253931
6.06428572154893
6.71353900922997
5.77728366264354
6.37096945959434
6.16764082735367
5.96239194077073
7.01178990089654
5.86337853081473
5.86592900192326
6.5411734252925
5.99146035087285
5.26094601420073
5.90114659932509
5.98346597516199
5.31024951959043
5.53049991786758
5.64324053221198
5.65483457023304
6.18116588986812
6.48554491962178
5.79252592496133
7.02217889058544
5.1631963434663
6.57222544541603
5.4468904481188
5.52399572327325
5.41340715627881
6.06837052598266
5.83824333929113
5.711560721066
6.28936254120151
5.43095335614718
6.34120384187175
5.97484022363185
6.37618643129268
6.03432761707203
6.57511455369202
5.53403776634996
6.16373692305579
5.60554923601784
5.18907812820652
5.57504109892355
5.58279622165352
5.25395446907105
5.8539831370784
6.42185769107589
6.00404621085585
6.04452854273195
6.10694428467264
6.21263176673384
6.67797613397861
6.3161267446984
5.63724282944259
6.26222514420917
6.37704024584878
5.9350459288689
5.49827986748681
5.60723204504756
5.33649203874692
6.78407298087883
5.96994029073561
6.76152038126655
6.48909589700895
5.75675435527575
5.3500759475548
6.51017193038608
6.18415122685195
6.01589292844641
6.6014285025763
5.92349177240719
5.94720055373551
6.71590836990872
5.84131544053071
4.79118876410934
5.70515839472801
5.2603983890182
6.06162857431127
6.13213501926629
6.35896839818593
5.75399496807072
5.22480908958121
5.65068914832231
5.54297808349993
5.52092015039713
5.80311784881318
6.15007170763221
5.35429980432128
5.53150316050579
6.08356362354283
5.34072338313256
5.63862877168828
5.87645591295031
5.89243844176104
5.80542700039662
5.42201902464669
6.6997366013374
6.64786469114352
5.24212658442144
6.46784795608394
5.84998741353847
6.27780856576051
6.25641955774538
6.79311465909316
5.66560169969725
5.85058198972362
5.18425894911105
5.89864789590251
6.10113918149095
5.85318401177203
5.90021190804896
6.15288645107004
5.96520396818475
5.91479919317249
6.29072091704989
6.26823038662778
5.74104869413133
5.65411615462408
5.79595311656581
5.64915285447291
5.67521378332554
6.0769654130751
5.59177230392354
5.58425965500407
5.99371252656705
4.93820779068943
5.98805805543062
6.62779911574803
5.87124784551146
5.38916442824168
6.36765767419531
5.21913392635266
6.46784795608394
5.42074620290702
5.63551146419866
5.94347865079338
5.63797503216874
6.25704420326266
5.89024846477688
5.524928267664
5.97608373040264
6.33246874765902
6.05457861685651
6.43622927096073
6.31811090403872
5.77661454315062
5.3108617005975
4.6504625318319
5.52285639686695
6.67505353906806
5.84108038980637
6.47245506099372
6.00235365704201
5.59637677230093
5.1540137989348
6.75550483751546
4.64519276295012
6.73944311330092
5.20050412493161
5.46183692996882
6.31606937155883
6.5813896239168
6.25049669023386
6.39460749831538
5.55655261140174
5.21657895466721
6.09143313075634
5.75800784089181
6.17735067588668
5.55395112793524
5.83754120721953
5.53049991786758
5.9304644110614
5.20264916435186
5.88135826582292
5.60999732483848
5.89773512648273
6.36894950788781
5.2598442036531
6.55975487108241
6.25860676466929
5.62309739815836
6.18962521417235
5.92112447804972
6.37682593523997
5.6402597454575
6.269128295898
5.31526020671342
6.23127334185756
5.89161284678748
6.04166069124637
5.42389081219252
6.4524760681486
5.22070800564626
5.99997811366349
6.33405041185189
6.24985428982762
6.20686610688019
5.38666301804911
5.35752023343696
5.86961743217119
6.62131204419628
5.25701400636179
6.20368904367703
5.20906524002331
6.16176546803786
6.32565913741705
5.64719443013968
6.13512904459784
6.0459190965873
5.25395446907105
5.96335130060391
5.98105536946506
5.98976688374818
6.05532348479979
6.4084905532976
6.41943437346726
5.73837709059216
4.75262524925006
4.73581313556894
5.72917568796271
5.17028994943879
6.29016750660969
5.97762658533917
5.77898322676654
5.64096449833178
6.40902579792519
5.58941642126629
5.7514764462171
5.55117716684401
5.72950899834832
5.50204701967917
6.34391552295423
6.25322658918436
6.8182384573096
6.25829696653963
6.55124736255987
5.91316711637666
6.55695341738043
5.42011908309933
6.1572554608804
5.87924821743131
5.89914817141088
5.90324411430572
5.67709886332783
6.40200070779697
6.72686119696986
5.6086863834513
6.87450621463885
6.46860729499489
5.19024228450662
5.30868765320173
5.89829491152056
4.96649078448922
5.71772485055752
6.21263176673384
5.94878133691608
6.73827481517618
5.13380649106117
5.25082058516964
6.7093025744481
5.52404011467771
6.59612769247708
6.44246442629123
5.87229934570909
5.08000788518131
5.34089056927799
6.50981499654085
5.51695431998392
5.43883402968131
6.09776994697148
5.74870169073856
5.63152807999686
6.25997462453588
6.50931571218457
5.42123318317542
5.49244484341957
5.46595908118058
6.46784795608394
5.67987128203231
6.54739284249774
5.58786382839807
5.31972590974153
6.65759217857814
5.90633049803883
5.88881933642098
6.22623590432136
5.48620479035078
6.31215146744487
5.49269014387753
6.45757268675311
5.30356759713983
5.79181561410223
6.44420393547095
5.62163024344557
5.86087283026326
7.10760019362432
5.6672783631505
5.3231183814971
5.845896103064
5.59125389919273
5.75611918038719
5.17206011435424
6.37569264983503
5.2826081486554
6.33801721739356
5.41565895117087
5.54477999270522
4.59081743718282
5.85950955241612
6.19440998546102
6.00525398039029
5.23213296728195
6.10927879812684
6.05264504675037
6.27346887043244
5.98306524742236
5.60837314594363
5.61842638109378
6.20758155654297
5.87742018712491
6.11893744804811
6.27206880099233
6.25104657745504
5.05540285928664
6.04067326495217
5.84797812967001
6.30098747867627
5.63585860784075
6.80851182025455
6.34843627550789
5.66077806362322
6.48137663416202
6.27587235530129
5.39621526431944
5.47673390858406
5.17299294616783
6.33691126892873
6.14743601436203
5.55282014220004
6.80519137961614
5.60390783954545
5.69032216755589
5.5301833341556
5.54484309351967
6.25141228904881
5.30728033162993
6.46164499682864
5.50378071201196
6.46295057994311
5.18793210605664
5.6613073478428
6.18669835029297
5.94662202073692
6.00616308466224
6.04133742930923
5.54746511569041
6.04452854273195
6.1163001773437
5.51107972094356
5.21933132112474
6.46777778962435
5.66000078441322
5.00345768439869
5.81662342378727
5.49245172106122
5.07130283823543
5.15374891524112
5.79577084418254
5.63740404988073
6.67512081872161
5.56584462778565
5.47967864802798
5.85079288027808
6.09083943220328
5.8148527692075
5.62619188196861
5.28650516265513
5.49340460818484
6.16659244123258
5.01834099954648
5.68676440460931
6.04675647671699
5.22501623892879
5.72571046413988
5.83855175298312
5.66847137206899
5.46378199537742
6.0016276508531
5.70280122908807
5.9027172524293
6.33691126892873
5.44621459060559
5.54648570153368
5.52404011467771
6.42143036984643
5.90418768593706
5.81322008137852
6.37489886939904
5.71813203815251
5.68051159775202
6.50133873792825
5.54743846588081
6.03656971270195
5.60179428735985
5.88975855478879
5.90125517064079
5.05709280629732
6.09782296223023
6.39030850110377
6.04039934850683
5.22070800564626
5.38981997604226
5.65880307047143
6.24303096594759
6.69286786810967
5.71285849086012
6.02338024421206
6.06967159780138
6.11404764039395
6.71850235706409
6.09776994697148
6.60364707349263
5.20984047549146
5.09759424873771
5.91646432950462
6.16205104222652
5.78508856866864
6.13762287142571
6.27611954206651
6.00922349036567
5.52093799594028
6.22548360409816
5.94457554728241
5.93841846189058
5.09342251429431
5.36325671124595
5.5651737251896
6.41398058200088
5.69460058147653
5.93876553260951
6.39437868243296
5.78977178948233
6.09850739459891
5.85318401177203
6.68386494936377
5.94846169863543
5.73107769027562
6.06503275366406
5.75038049125003
5.6030554747685
5.83185045204528
6.20575582700803
5.86061537934798
5.03295322324542
5.65197856684996
5.87742018712491
5.59177230392354
5.36952417068991
6.23703849664066
6.41164997748717
6.2281025802814
5.84020465284589
5.65317177190343
6.89387350172355
6.28244674346768
6.03177659921429
6.02926215095906
6.28455455489355
4.94371148765083
5.92905472481075
6.24695082454786
6.2898685841184
6.66592013503843
5.72366094574561
5.9813000297176
6.12625449583872
5.8268735821431
5.30195652069345
6.76678975174988
5.89870213292918
5.74752752737442
5.63551146419866
5.72952588326213
5.58151526353352
5.99295337128429
5.9347457108257
5.22144785323309
5.70427562935915
5.43384749270391
6.23609318979313
6.33987820063249
5.51645200554192
6.26704535479953
5.40459146135557
5.49245172106122
5.8652796805941
5.69309362105933
6.11006382444069
6.35803247326365
6.25427556829754
5.42069516701684
6.13213501926629
5.54941712318624
6.90751005457404
6.57222544541603
5.49671538433335
5.67481312158833
4.69424634834559
5.66473326401286
6.07237070458137
6.24829059713438
7.1725224593009
5.33487536367373
5.95416729487799
5.16177363729329
5.84869918272961
5.83048308470758
5.81305112581309
5.09952155097785
5.75478970132047
6.04255278072838
5.84064129339586
5.38793433194329
5.47224832167713
5.98870699212078
4.87451904092988
4.78441058787788
5.2552507941861
5.76676803639477
6.58691744602912
6.05172170922615
5.64096449833178
5.81916526265965
5.29197528068843
5.74104869413133
5.32227415420588
5.82444908471539
5.85166919959954
5.39411284269581
6.05555728301382
6.16499419378214
5.62163024344557
6.3970617230371
6.37298115004983
5.69852108474779
5.48310235349169
6.01147585707622
5.73260805376124
5.75632572990056
6.82543173040611
5.95820147412259
5.52642434998103
6.59130614169584
5.82504522983304
5.27242183163775
5.86092026152323
4.70726853693465
6.25952702899685
6.78209741604855
5.01542599968336
6.61796663954187
5.94416852198524
5.45818970120009
6.01726587871287
5.95193664821029
5.33599698249211
5.5073068730968
5.00833934760717
5.24128706135603
6.67899249727008
6.31150072426173
5.98860667553388
6.25853280495091
5.83410398741436
5.27400076586613
6.06431515118395
5.33372111084627
5.90066933217741
6.01968714336451
5.73947389456645
5.51917720912743
6.00852430165313
5.44921658419792
6.52664056871853
5.63547582099403
6.35994651429596
5.43928876338087
5.68679504158972
5.07483768161309
6.05115038860045
5.69267302621881
6.05763228575083
6.1163001773437
5.56382431398697
5.6353555002844
6.4480750549553
5.52291347176681
5.60187056255388
5.76868458291361
6.72354399694698
5.70502094677848
5.47509027572231
5.56803753222867
5.35821487620374
5.96774334055533
5.81901016423492
6.51140202180346
5.59461305448116
5.72566537779827
6.09741984571946
5.60901861317291
6.10812520408038
5.32823766627243
5.63455799883538
5.11937431372986
5.81257699199855
5.17299294616783
5.57161982961682
6.31050395189581
5.42144355468025
5.29579538205071
6.40040645575292
5.86431993069036
5.74549425478396
5.91545975942376
6.40819849398092
5.38211055853184
5.88488875101502
6.01982679007795
5.29579538205071
6.72510651362771
5.89598233784584
6.10080034286076
5.46344057502764
5.94069429035786
5.51699162439524
6.34553350657261
5.42588046881691
5.20591480549858
5.90228161957334
6.47909228960683
6.41376287332921
5.91581737247495
5.62820539918489
5.40056072551446
5.16302463856132
6.04326644751115
5.17907077750987
5.75365044388635
5.25472133737531
5.4795188048496
5.54738747725231
5.5842189070325
5.41568740331647
6.41896472066854
5.53631198624065
6.15065082155171
6.10271707423373
6.56283621817439
6.6992965788893
5.76746466493568
5.86437975049603
5.55989767334209
6.2711894376151
6.46635546192204
5.88824418481501
5.61257795941701
5.62696784709153
5.35064422216073
6.61109730068328
5.63774129158949
6.42915967475049
5.97253915974489
6.25258871992605
5.73995376835048
6.0885099218859
5.26248947371221
6.34224548242502
5.98207174879893
5.72185813319705
5.98217471088914
6.15100652616518
6.10515383422912
5.58077521849593
5.74636273085531
5.48968960664105
5.89263428430357
6.43479416217658
6.57620697490256
5.99539285285827
5.7300899244137
4.69424634834559
6.33180286447719
5.50163446650659
6.6958434824828
5.76310994924777
6.47471118984652
6.34224548242502
6.50705636453184
5.43928876338087
4.85094559366526
5.69834093887452
5.62447258022337
6.11223687638484
6.01807015456611
5.6106605355883
6.34863372508615
5.87635617543383
5.93841846189058
6.82146444047589
6.24466037007177
5.55241986190468
4.99559930543001
5.941313071271
5.40479403809084
6.24939949077893
5.57937669488454
5.22530523249597
5.82460106060072
6.01056086209655
5.66160952819282
5.93829880406676
5.3925730064378
5.44418001710102
5.68337312768803
5.98312058828832
5.40190146034041
