5.49435582536356
5.92222047858839
5.25304097787084
6.1733925703296
6.32001979221153
5.41321204758059
5.18232730630265
6.26316882214991
6.63194976566233
6.46252443598122
5.31468061389748
5.65905854078335
5.91900919645281
5.59588721701054
6.62348427883423
5.80277153460871
5.46871102788583
5.6938695966946
6.04013378088032
5.56222210111608
5.38340643641723
6.67390231406593
5.60424748192631
5.82294590464889
5.87104793238488
5.05492674054942
6.58252104193234
6.04049983090333
5.4770101579464
4.79786412006084
5.18374923865804
5.78971562342599
5.90128373279499
6.34499115130444
6.42928526972212
5.89089199990396
6.61615497998876
5.77939602562934
5.53800169757045
5.59209078701321
6.72269064715415
6.05020299317881
5.13385319291974
6.39049151745483
5.88762721105601
6.59133705076617
6.41077114300435
5.3080695724569
6.00667485307746
4.88265735008176
5.3102539591698
5.87515423016336
5.99504596045279
5.50451316219683
5.67630493846863
5.30001455564997
6.23953934210547
6.6138267240226
6.15959427380693
6.11797901119952
5.64706421819619
5.38844517614373
5.94963437590295
6.17362626133178
5.68959904857216
5.08454426987664
5.51242306899411
5.82323725290213
6.26605973230231
6.42035486865338
5.16398350962379
5.96656851335578
5.34442108325457
4.95669106468898
6.72454691097569
5.28928958919396
6.12349333025877
5.78550053642216
5.50817889196948
5.597460849454
6.19321887709235
6.23695679757726
6.04792990579652
5.73161935078107
5.25068216068937
6.57777522599423
6.0174587070773
5.75716304773051
6.10743591524007
5.35291530337064
5.79552014375172
5.78172795710152
6.09727808914987
5.33074093837806
5.84455020156733
6.26462566231613
5.52240550192764
5.96979348605512
5.95471262581819
6.10067433506927
6.25878374914629
6.23571544539068
5.91043779880292
5.46825895504902
5.91166478459512
5.42560622009299
6.66952916354481
6.8684122350456
5.49799308507693
6.54817852950973
5.14237534934757
5.78735066595438
5.74745812468538
5.00683330790432
5.53044215098787
5.91572780109654
6.71202005269571
4.37184333468151
6.18104264128839
5.7396322006317
5.40818164294295
5.86838488071935
6.03726194082105
5.76412221652939
6.34191344058866
4.88069649055109
4.60749557718989
5.52842771971149
5.25181732512266
6.33487347161
6.04983146814328
5.20588183146262
5.94836617819168
5.54053210094412
5.99832655697818
6.69105312747313
6.26118787328897
5.6755307813973
6.51510374904946
6.38790538398408
6.16924623638245
5.18603280730952
5.55643417007147
5.61032566873745
6.59107995457482
5.49853369663754
5.32733454503146
6.25011679884345
5.5816533623119
6.12136707235337
5.36954614342679
5.7272428749931
5.84633284369116
6.00452636807296
5.57271556960583
6.45659837208504
6.7798201270887
5.74119018206261
5.4522368450683
6.01415422880477
6.31617551937764
6.32086568726616
6.28004227959612
5.49316368414038
5.92314543144468
6.42912565791531
6.08330789954549
5.64604838841528
6.4300608019124
6.0391097657462
6.45439346906127
6.28325954512994
5.88208192174096
5.34730985301765
5.85342867135854
5.98571330813006
5.88097635442348
6.7868197702733
6.753504964732
5.87986468988814
6.52067107641487
5.66631914633825
6.60384609499241
5.46531792879266
6.44994100836851
6.04353793276604
6.02048106317427
6.74380179278445
5.65663871238917
5.45601819898758
5.07117106449864
5.75402745926249
5.4994687637526
5.81042861238799
4.77109882216938
5.07814494100448
5.91929378400198
5.5065218131312
6.18426786629027
6.00231269726841
6.20235451671479
6.23205228383794
5.1653428659057
5.65337009807317
6.42832791600485
5.78342292133505
5.76224219713825
5.44663803417272
6.33493052076342
6.17044858529256
5.75533198882196
6.20079232755472
5.0006559226927
6.10390252438241
6.42955638168894
5.5059666986154
6.42217214822162
6.60423895836985
5.31521504442505
6.33207393987
5.57379685396593
5.6328870926543
6.06706588092977
6.13725892419451
5.86341036849839
6.87295182654076
5.80038131800303
5.72355394447634
5.71939898367548
6.42955638168894
6.33702236068507
5.82968055071379
6.03224945106194
6.14000314460378
6.11752754118562
5.97704964118027
6.20528763348581
5.72827325707183
5.87287198098886
5.79395272049774
6.0483000775276
5.98695978814517
6.05280785423203
5.56803342336201
6.44272650443314
6.33135509637656
6.43695393547515
5.61025589013622
5.81101509985886
6.64795944493775
5.29723100436381
5.32392314413019
5.97531403900987
6.42801929921369
5.44418584038027
6.49834304392212
5.99541629076147
5.63597937261288
6.79229228215486
5.68220831293361
6.44443300415374
5.45113440302904
6.80024032752655
5.8261873530094
5.71140084131397
5.19541059163438
5.36641024891742
5.67784776133416
6.53013252956657
5.09183747278733
5.40118650860785
5.82545658757206
6.85611548749232
4.92250147663121
6.1630706732516
6.19400526404962
5.31974691366541
5.89972293659464
4.73564474291871
5.44782014122255
5.61893586576016
5.33927370911879
5.92086787596416
6.07083941795905
5.49572544061502
6.79665493535256
5.78060998405198
5.51682576654913
5.92363611765478
4.9548251927211
6.33807966742074
5.94679628288019
6.26496654689264
5.00286821301505
5.85630311676691
6.4555450574871
6.76838969527537
6.0868181432526
5.59247969593706
6.02939703026067
6.35536577940891
6.65160852165292
6.16160781813294
6.20079232755472
5.18731856122967
5.85491692753605
6.0287021844519
5.53693808985859
5.42774537863454
6.22523340509589
6.14963969998612
6.07555293135071
6.13646975374611
5.13400435136569
6.57750837775608
5.80570696240514
6.32073164858646
5.74356673867369
5.77109460070305
6.60437306206067
5.82003503812948
5.80023553824003
5.84580432569864
6.26582517255461
5.23624207172098
6.24238559613826
5.83356466297947
5.89602103157812
5.85170886738308
5.19337155335738
5.64381019995167
5.44683079373277
5.68639954639052
6.58397180980951
5.70920416209739
5.48818516997798
6.4552005250552
6.19281953771541
5.30747228668046
6.07020809038298
6.113050883696
5.7490432683547
6.26226943334234
6.13617401836692
5.41762822619167
6.81309468590818
6.17008656647987
5.90592196899837
5.78836655930495
5.93299610042961
5.90897386600813
6.32700627446725
5.45485751487513
5.92127219200673
5.37045616068042
5.92361410477284
6.0484720930519
6.14864638508881
6.3456632816477
5.78631027178795
6.04326538109081
5.394639861695
5.75398007625923
6.1123728574656
5.64342669824232
6.19194480985693
6.8141205391117
6.20946974433548
5.784317712779
6.33809873622869
5.35362895196747
6.30450808210711
6.4029445651414
5.54999916425813
6.61214290443634
6.12060733526988
5.83681388224383
5.83366305672857
5.19883036633586
6.58784432181758
6.46036650257221
5.0452114782119
6.17801187932113
5.83956806694944
5.68484255182452
6.44594376298447
5.39087735402649
6.29750771982107
5.88208969177759
5.2937538758724
5.56549635983245
6.18912955197433
6.03454524965512
5.30902895451679
5.16778311326848
6.84217677679136
6.37141022129688
5.81040308455462
6.74397485250567
5.89004430069723
6.17497334577901
5.74966124746042
5.32392314413019
6.08669001368868
5.81641976506904
6.30952786961177
6.30804147296477
5.6168925485169
6.26031388515025
6.26428366135058
5.59588721701054
5.90203262961498
5.9751916718599
5.2971208443318
5.62657506972916
6.09944594196159
4.61243638303401
5.39014278382626
6.20299322768705
5.0238343987324
6.06200431775937
6.08076458290321
5.86029826073279
5.75616271342386
6.17555876652122
6.19866606912181
5.36072596769587
6.73357476932765
6.02721072251609
6.4555450574871
6.42832791600485
5.70477378487038
6.10157908702624
5.60992315198396
5.57942951612768
6.38285076711941
6.98025146115192
6.4044006029674
6.59107995457482
5.70424272034326
5.14395682889874
5.70664829182152
5.59390248643629
6.35754715092179
6.0912970813324
6.46520839250653
5.48115743811888
6.11549650975564
5.94499489294091
6.25407219928714
6.33667725141214
6.01207870027005
5.3919150479548
5.01404824542605
6.02048106317427
5.41416353116144
5.88824392626513
5.78971562342599
5.92682308081696
6.75229018800627
5.18186558188593
5.47646640454477
5.64539945547263
5.53097347822018
5.84257180609826
6.10364228575926
5.84862355560895
5.78972815400124
5.7416872528664
5.89524825834592
5.84394973327845
5.96522701274191
6.33555784454359
6.07222660570601
6.70277775464427
5.83305995453887
6.37461285686688
6.16210620680879
5.97563469342157
6.96728432534428
5.8328619397743
5.9019001493126
6.52780596831663
6.03066888471925
5.29248722226581
5.91319158662508
6.01867183682567
5.30626510855909
5.50540057263623
5.67581011750211
5.6058068243515
6.19841446221838
6.48542953617616
5.80036473840529
6.97861898108199
5.22510665491528
6.57150589557462
5.38536789407364
5.4811221516707
5.35952293250294
6.10086114986842
5.8381488058223
5.71643477296874
6.31249604004866
5.45976858045114
6.35113457801054
5.99471008576191
6.36582974382742
6.0713909308391
6.59320411834645
5.54881710288117
6.19002658848915
5.59568544843779
5.16712472960836
5.57337006302492
5.57559367111054
5.26206649499183
5.85170886738308
6.4332019219199
6.02258675718573
6.03044545021463
6.12479456960652
6.1990828597061
6.67892608793383
6.30723316050918
5.62255895062063
6.29180525849237
6.36800648347104
5.9245236092771
5.50939433564895
5.62352876083773
5.3153056815745
6.77785856139225
5.8958149379047
6.74925859665142
6.51631255949845
5.75767608999431
5.34239616959007
6.45843447274515
6.21122097802304
6.0047493359754
6.59226058714472
5.9182877460171
6.00026529551756
6.73636072210461
5.88852159470842
4.76488905468543
5.71193514187352
5.24519442715717
6.06970795187729
6.08232679744971
6.35588991486156
5.73715308166132
5.13441665331145
5.65577172021094
5.55117439834153
5.47234936226698
5.79720059340966
6.14706889954067
5.35388919422448
5.49836009942936
6.04158525641951
5.33757018449386
5.65537873318451
5.90649933127811
5.90073587689139
5.81022353365466
5.42831711503173
6.7175204043602
6.6398300187177
5.30015591491505
6.500990722531
5.87936182200761
6.28036198146461
6.2572982534293
6.79277933130368
5.70926829353333
5.85947550689373
5.22640319708393
5.9431163778743
6.10022661830315
5.82334387265966
5.90897386600813
6.17655713881202
5.98057256300524
5.97212046792608
6.2849864579433
6.28813621146433
5.71939898367548
5.66175265990368
5.81556969398177
5.64853901497676
5.6999219440266
6.10843853749356
5.60070511373664
5.59014811325035
5.92760405622457
4.96907475587537
6.02064019432019
6.60683724843857
5.83052910012351
5.38799144934509
6.38910887366946
5.2713678069089
6.500990722531
5.44993687275996
5.61025589013622
5.98653884639128
5.68033727702674
6.27673957467577
5.93470967825995
5.53305456161101
5.98931430048414
6.3596520365727
6.10663240455852
6.4437464022091
6.28661292303433
5.77526605051295
5.29925231930339
4.57697195586184
5.54521640062337
6.68711381715008
5.83210132175044
6.47031187482882
6.00541553407874
5.59297548495559
5.1436322334965
6.73198875304928
4.68230257212282
6.73647714289228
5.1889190759279
5.51145205838725
6.35507635153213
6.59987792995338
6.25040177836895
6.38285076711941
5.56192464184039
5.24358034045764
6.08291869864806
5.79099026094141
6.17878333741497
5.56378405295847
5.8296659226806
5.50540057263623
5.93251421497094
5.16370316249233
5.88476300157222
5.5874553101835
5.88675746069674
6.34265245337166
5.28815392658728
6.5312681097369
6.24137253915632
5.62574232405396
6.19790718900101
5.87952953806654
6.37832380970909
5.65725398436858
6.27802765536235
5.37934237677827
6.20946974433548
5.88355722319636
6.06786503356987
5.31632267817987
6.45659837208504
5.21493211909601
5.98052213635921
6.30123052801729
6.23346962701038
6.20256432213912
5.44661318371719
5.3521483252281
5.85166906348837
6.59704793187082
5.25164932929705
6.20772039549459
5.22077968914493
6.17910341599509
6.32572843341822
5.63096988216117
6.11240839718417
6.07901147304023
5.26206649499183
5.95581168992399
6.00916572109912
6.02348853727193
6.09944261339982
6.41353814527416
6.39754533754569
5.75369773392056
4.78718465687641
4.77468319438729
5.70336435942886
5.20004072450548
6.33363077788309
5.98218803716826
5.77939602562934
5.68332605213499
6.39370549071836
5.60964346327282
5.75188095227405
5.53641122663107
5.74731204342261
5.38779096466706
6.33389697677518
6.28037232898212
6.84947163376025
6.23953761068246
6.54637527557917
5.88485570156243
6.56143109729179
5.416222748238
6.15342574463565
5.89004430069723
5.87499306200559
5.92959618667206
5.69747541052695
6.41927320168726
6.71806655843781
5.616028077525
6.90355344228627
6.44047725948717
5.19150346149297
5.3463586283402
5.92867186118609
5.06799029558383
5.70477378487038
6.1990828597061
5.95046457604553
6.74286037939747
5.14286814778087
5.31968490756687
6.66130562830598
5.4970982942878
6.57965395887912
6.51195900470081
5.88131126801831
5.12823991925337
5.34131928168453
6.50808477987064
5.50738447303138
5.47538491632524
6.10083460749989
5.75821367330209
5.63563780519993
6.27704657107033
6.52989327136294
5.42936002226563
5.52447911611456
5.45958047666204
6.500990722531
5.67297498797505
6.49218275074546
5.58722787714595
5.31961650557236
6.65800839233403
5.91076403161048
5.91055938672207
6.24367619148073
5.47246877754411
6.3004884053512
5.50830891608003
6.46620502887259
5.31996717502606
5.78264608208872
6.44879157599321
5.66436995094176
5.88414541036565
7.12662980591574
5.73259617076208
5.30795869896934
5.82457564390788
5.61796127231311
5.76307237180707
5.13436246755927
6.39315661712729
5.28623733764451
6.33667725141214
5.3414187858295
5.54562056985091
4.55684297243421
5.87303494873144
6.19942176497517
5.99567137405714
5.16490006957488
6.1010011126582
6.00918937063589
6.25486245933342
5.96457793091589
5.60433201315385
5.58850223954897
6.18723039128471
5.85626446875573
6.11016342916906
6.28500375894473
6.23959783832011
5.06836708702843
6.05907064126734
5.83452493899036
6.28967988998251
5.61499698245099
6.82838655592678
6.3850372112193
5.68584374175089
6.4586426980197
6.30008354225529
5.40118650860785
5.47154052376538
5.1717341669538
6.32683019505984
6.18912955197433
5.51840945650595
6.81432150001892
5.5995564019897
5.66173900598996
5.53227375585404
5.53077897777041
6.23924802085098
5.32383886249627
6.48573556119064
5.45601819898758
6.48982813285924
5.22455635237527
5.69478400354573
6.19949373521179
5.93495040424813
6.00662653435633
6.04619794061711
5.53684511733128
6.03044545021463
6.11864558687911
5.56046763681775
5.23293101792024
6.46511299029983
5.69628077393973
5.00654388001853
5.81967351017423
5.48032318710685
5.07482254600667
5.14973971497976
5.79112522900395
5.64430470174261
6.71991591111477
5.57968346243402
5.47434418063536
5.79144303603323
6.11842908048355
5.82655589870653
5.6414914966447
5.31871915539371
5.46285590895323
6.15292335049135
5.00485264053594
5.69424334852478
6.05337403327235
5.25232459707081
5.76670900235663
5.8767548131068
5.69350859669598
5.50851400339367
5.98554115150613
5.69786625900032
5.91474605310086
6.32683019505984
5.44599297560762
5.57678864029971
5.4970982942878
6.46107828315741
5.8788625990429
5.80462086097837
6.37364779972515
5.73314029743676
5.68834991801657
6.60935021258828
5.5452724022997
6.01955046100126
5.59798331778066
5.89138592352123
5.89430126173397
5.06067987179101
6.10826014396164
6.38752654472364
6.04849239554957
5.21493211909601
5.38643202900147
5.63579792585303
6.25670628575183
6.70867420105748
5.71782324313564
6.02607338219887
6.08301393000882
6.1206457873883
6.67884836590039
6.10083460749989
6.59729421023698
5.21891353083531
5.13355175960244
5.93582451694203
6.13608263881153
5.75865220906515
6.1714222883256
6.28149589721505
6.01975169461603
5.49454814165745
6.20199610379458
5.95271680386153
5.9589866730623
5.15093838182109
5.35381493571904
5.51078864209931
6.40282306600622
5.69274740610126
5.94542409194463
6.38608925191593
5.77284192977783
6.11559838996597
5.82334387265966
6.67596500356127
5.9480502703252
5.74528783974331
6.04374700974597
5.74111725422726
5.63235921822543
5.78001322039115
6.22523037904369
5.86072551235178
5.07662340936773
5.59547315686602
5.85626446875573
5.60070511373664
5.35861875426964
6.26542048147996
6.41947166091171
6.22880717317813
5.87396068786198
5.7023097150403
6.90378215530392
6.26333281386007
6.04245898229414
5.98713901437598
6.31326126023033
4.99384730125585
5.9753757322668
6.26038475365299
6.30667447827069
6.65220268722832
5.7398952108025
5.9459945869943
6.17465871332642
5.8051180627794
5.32439748890953
6.76750002470195
5.90928239382292
5.79688258281151
5.61025589013622
5.72414150943034
5.62213267054278
5.99960031445579
5.93982343300189
5.15862885397759
5.73209223638516
5.44745533899302
6.22267279795244
6.36587526992363
5.50965487308645
6.19986238927066
5.41725306754817
5.48032318710685
5.86013953882288
5.71316024184594
6.12915825275861
6.36325274776321
6.2702487191886
5.3944891421029
6.08232679744971
5.54563698875054
6.91279150190607
6.57150589557462
5.5065218131312
5.70157310219369
4.72620633341219
5.66985204284963
6.054700244464
6.23760009319291
7.16075044718397
5.30614126300185
5.97377315529869
5.15118055068579
5.83586204944389
5.80864114916491
5.85065963770663
5.18145726401691
5.72691181246944
6.07632621932953
5.85408315936354
5.32818722049987
5.4915722688547
5.98278904702084
4.8704220688788
4.73733296162115
5.24620655228526
5.79259000973411
6.58868386511872
6.05223535445013
5.68332605213499
5.81882284740659
5.25506971105183
5.71939898367548
5.29732821099672
5.80057557385506
5.82060066406697
5.39948953575177
6.0410712293378
6.15271229237885
5.66436995094176
6.40429627673406
6.40851447129589
5.70909030018444
5.41179311391072
6.05081024635929
5.75193983919777
5.79440688100433
6.82079588869335
5.94002150054503
5.48977210815694
6.59599273221772
5.81414381287614
5.26815138640222
5.83743804265828
4.7299401841173
6.2648603903481
6.79000054131045
5.00971211789501
6.62348427883423
5.95981268224062
5.41004216948221
6.04111020731301
5.97661291232293
5.32996012932273
5.49221864480556
5.07474832244895
5.24754939183896
6.64012718103383
6.31791309804341
5.9877999231021
6.2557654581192
5.86688216110511
5.33299717020508
6.07307916328735
5.33062926147609
5.88694207759741
5.99288683949889
5.75571033590587
5.55642704902532
6.0159155263421
5.45358195700609
6.54482034375431
5.67196734074331
6.37567499452656
5.41416353116144
5.66786439719272
5.146910665937
5.99832655697818
5.67672087862977
6.05683460219217
6.11864558687911
5.56766765083906
5.63283002583437
6.43081016054099
5.49726694161033
5.62649311349331
5.7411259726487
6.73729464634962
5.71419875807946
5.41279789846962
5.56226683038335
5.38459280658492
5.9710192575285
5.84802830597953
6.52273918619711
5.60506562835471
5.70459001958847
6.10802459866623
5.62657845047652
6.09150903462091
5.28027210774736
5.65884114512433
5.176189693559
5.82622780105004
5.1717341669538
5.55797341428419
6.32664650989659
5.47176642171947
5.34742709791956
6.39972334341294
5.88097635442348
5.73234994674318
5.90922467964923
6.4247409254118
5.38762192885163
5.89024398798399
6.02336332284733
5.34742709791956
6.70640749296857
5.89810882308721
6.09776414087101
5.48330331364022
5.97668981180595
5.53666822343044
6.36059838329588
5.42790889928814
5.22904346632343
5.8842721804763
6.46414119659136
6.39504423597552
5.90567581106222
5.65983542416767
5.41795226117856
5.19331323581382
6.06720773985995
5.24986384182822
5.7276249449888
5.27748557938956
5.52335581363553
5.55072121625234
5.56360923128123
5.42285536261203
6.42695249545966
5.57304753852281
6.15688376138965
6.09835556617435
6.57132545852949
6.71302393422549
5.80254927219559
5.83298462496498
5.53241552736689
6.27575787650338
6.47939263362068
5.86046389591989
5.59769806949599
5.6358644410535
5.34410325441974
6.58616313474592
5.66261262866799
6.44303423567102
5.91811357178436
6.25175925067563
5.77613781918183
6.07008043120118
5.29307997462061
6.31633791693335
6.01336711573741
5.74110701171088
5.92031634249547
6.14937919073897
6.11708578223639
5.62799235431643
5.75693867443405
5.5385720221602
5.90665565562625
6.44443300415374
6.61711284987256
6.00482762474931
5.72995773112966
4.72620633341219
6.29008566499829
5.45485751487513
6.6850998142681
5.82369540672489
6.49203673374878
6.31633791693335
6.51730224868355
5.41416353116144
4.88531658631649
5.71248167225814
5.65331989728016
6.08792604229734
5.99710651549299
5.59247969593706
6.39298326059723
5.88054435118889
5.9589866730623
6.81278100606906
6.25407219928714
5.58456061653837
4.96130637129484
5.94062646895524
5.41213504880892
6.26568096898049
5.56679251674905
5.07414779417702
5.80969608023867
6.00726035489595
5.67537574014833
5.9289684590963
5.36883549207873
5.46796866666214
5.74759027346934
5.96543106882493
5.39465160422361
