5.40894026992668
5.97459892724638
5.19296752252006
6.2305860852366
6.25389736642064
5.34730662559681
5.0582589087774
6.31581308094207
6.67169338341069
6.56983204274949
5.23707720624774
5.72613289172943
5.85710639217505
5.48089404754949
6.4946872330396
5.83532555175996
5.35863834127723
5.79464910784067
6.19360384461835
5.69330833539973
5.63378924193006
6.71378876310142
5.60863608290798
5.69011073839994
5.69826888478017
4.8720065379369
6.52481948029456
6.07704072342637
5.55468751513221
5.04671063071442
5.37662948728467
5.52030409288182
6.02159041030052
6.27183106693088
6.4232788392206
5.9250947509496
6.52373498757608
5.73515177846666
5.52348231639914
5.67573449519882
6.62614819703681
6.11539504979311
5.24109019593223
6.24740600498809
5.82495381708738
6.65955636472926
6.3141935217711
5.35138100991361
5.91455815759378
5.11718298716007
5.15840964024012
5.87012136241591
5.96643570858667
5.59112955599169
5.67203572309551
5.33480336369017
6.26271693362818
6.44185939899215
6.00419003893705
6.21191202546173
5.88780134149608
5.30993981919212
5.79353514598237
6.32649823156317
5.54798759970899
5.17013750402081
5.36448041939485
5.95275957680044
6.25102352074226
6.34491349401557
5.28773793941692
5.8055615915666
5.4839106035993
4.97322143589268
6.52596822370343
5.43573211489353
6.18053826659686
5.71380920951716
5.50839088508898
5.35639050246694
6.1319848213178
6.29350239113836
6.11337301708748
5.7298659119735
5.24081844358373
6.57936151358972
5.94406782228332
6.08668272502969
5.99989683555693
5.30389159890615
5.82988643918161
5.54343788408381
6.01837718387571
5.35673586530927
5.90505586049091
6.05799453565103
5.31701026381484
6.18085505006083
5.96851792975726
5.973565341075
6.23578373550987
6.22605949050622
5.79658392542744
5.41330210722087
5.83636470092425
5.73349224350867
6.6492639930182
6.89682059081571
5.55923235731651
6.42965986683264
5.17285845896807
5.72280395117928
5.87047459761421
5.12996095472562
5.56212246305326
6.03207238329699
6.69730831379854
4.73527532038122
6.16499725670775
5.6550434948376
5.46173802368905
5.77652936021288
6.09372000202965
5.81758576053782
6.44884243368034
4.82152062424558
4.50268118767929
5.7100604926683
5.24270464159154
6.25890129727864
6.11615141152976
5.11132390720916
5.90222841015339
5.60168031041433
6.03590802677181
6.70422353663616
6.23810986960815
5.42537972656874
6.48952429099383
6.27989666474725
6.10740459679466
5.46421043481198
5.45981537589159
5.63475029986758
6.47793560413778
5.48618588497023
5.51224286914514
6.18761524035093
5.57697647929926
5.91718116982253
5.50070132055964
5.67826618682309
5.79425051951428
5.84539525602089
5.41162280776875
6.24168831191628
6.7444006342123
5.68014095166941
5.67335020448639
6.08302988478604
6.32213933469434
6.28232447084901
6.28440601059815
5.53403808649866
5.77216558784486
6.42097672036889
6.12374021569274
5.83003573859597
6.52009987525493
5.97062932619963
6.33660897844944
6.26973344005056
5.93450431462985
5.55299529509952
5.71976849908015
5.87942686873817
5.87137675846063
6.79359059835295
6.83912575045115
5.96564654989857
6.51760938918288
5.46631021422295
6.54081091213147
5.48028902911975
6.44539789818116
5.9698113478103
5.96187508031392
6.79765348251911
5.54926215351704
5.53012566397829
5.02840894300815
5.86742050885719
5.63073430359746
5.73003601625747
4.65011226965829
5.15377952753789
5.91206499481984
5.51427496499769
6.25541998421352
5.99666130735303
6.14679247430395
6.3300632189492
5.2888880241316
5.7791514940284
6.24715020313898
5.75880605286006
5.79310408953186
5.46739339470126
6.32447628822055
6.08833645387328
5.928019365631
6.29055428534081
4.96678264136093
5.99305289935026
6.28526060903778
5.45694539119265
6.2868173417828
6.49731643265994
5.27572796592714
6.26030399662781
5.51555179124513
5.7008525757564
5.92867256572725
6.18499851939464
6.03010896300252
6.96410241275701
5.60504175910545
5.7411066947413
5.70597984864539
6.28526060903778
6.38260728933068
5.87977021876294
5.96019271070175
6.01819078210564
6.16497324180013
5.96795747154218
6.0501071339965
5.62564109198991
5.9243573347571
5.73083788856621
6.07020369445326
5.99736762201226
6.09417592287453
5.75556899169749
6.73478997530716
6.2833363436727
6.39570556686795
5.54148458161445
5.81151883904303
6.70643264010323
5.46463897176094
5.49836788956971
5.88949622370204
6.44640690100695
5.30494912270224
6.42456268148636
5.98138552641036
5.66584706221221
6.83554899533525
5.51596231978167
6.48057067321174
5.42719788959294
6.66224792172696
5.66062419027662
5.6529818982031
5.19882318769876
5.38495734133454
5.5551168159664
6.52519003108608
5.07517761464762
5.47372130292562
5.9643712323627
6.70517996119667
4.93467993562757
6.10623891720688
6.18256031853963
5.4247721225731
5.79098511458472
4.56589929773371
5.33620208030196
5.57341571327169
5.36570612354503
5.85690607845912
5.94476384343535
5.60654811645556
6.77062362083131
5.75523809472471
5.40627936155226
5.9848023265756
4.99082725888283
6.40666432932752
5.95023382046115
6.03117597289254
5.18505065659244
5.74623748592396
6.4045207245642
6.59596431749955
6.18611606870397
5.49045912730687
5.89681989091689
6.20932339152901
6.60933793339107
6.06401965219177
6.29055428534081
5.28133049264766
5.85877743289012
5.95379508856271
5.56635735367202
5.72785442431206
6.24783510083503
6.12094437485749
6.09840042629673
6.01134684589897
5.1825706227934
6.55124606721352
5.83109102347662
6.37652847659039
5.51326184351811
5.97169676555846
6.5593075732821
6.00646202593389
5.9266166779416
5.76981743153723
6.27107924554828
5.42192402348683
6.15887684975671
5.69983992546718
5.80867089577093
5.7896042244896
5.28626211459406
5.61290094469479
5.34158878297045
5.61861551984765
6.48058693450006
5.6106405357345
5.5509066472649
6.44499162178432
6.09441086192666
5.3310011541274
6.14159959744519
5.97159193520377
5.83907921280026
6.18461063609977
6.14813187038806
5.34151116099598
6.78427057265038
6.03608874962
5.81063112428844
5.51791833588901
6.17689087308238
5.71207740837174
6.15797489360187
5.56290038834235
5.99012505896324
5.24447620045002
5.76259876593988
5.9804349649522
6.03584706271146
6.35617126486648
5.66607492672557
6.05704970649402
5.56819020346145
5.84266771199283
6.04968605840531
5.63049746308466
6.20096239983853
6.86379146673185
6.17532287844989
5.67561813971058
6.53521209524584
5.39833251021359
6.16604785899044
6.46812626509761
5.19289895848581
6.58598769658062
5.96283751806053
5.76525696816243
5.67889791488623
5.35638749861797
6.55529814044943
6.0684364707725
5.08329657466536
6.08194211052769
5.81706476653005
5.89657174780831
6.52433912736438
5.42635430599766
6.25453358054202
5.96570830417506
5.22946232352428
5.56043125357496
5.98022368659695
5.8844098271508
5.46563504228922
5.06583945583659
6.85196755386285
6.4071284575247
5.78557564772884
6.7747439242991
5.74100164831971
6.29628725099709
5.61855690181898
5.49836788956971
5.98508751815861
5.85112236248341
6.3011538923264
6.17289179519711
5.67821127441839
6.3248055431229
6.4254000260109
5.48089404754949
5.81230646375804
5.88542167150775
5.50462402068271
5.70491203496322
6.15900686913203
4.6516558836703
5.34541960905176
6.15566393048443
5.05293215458465
6.06022230915826
5.99793027224869
5.91639407258946
5.72661730321064
6.07684594564986
6.13063747728458
5.41476524011284
6.51887407228568
6.10745315071412
6.4045207245642
6.24715020313898
5.55691852782115
5.9313591583161
5.70964052706508
5.67163764126569
6.38714896873246
6.88648575806794
6.5307770863123
6.47793560413778
5.92124908758632
5.22743856886238
5.6927406275159
5.71792567474804
6.35525738278461
6.24717165790353
6.39970965605603
5.55222620444724
5.99695182188619
5.95281113711436
6.13476028366246
6.34024544546232
5.82756877459816
5.53111082012885
5.02577282108427
5.96187508031392
5.49165149554709
6.01873710807538
5.52030409288182
6.07919983945088
6.65126081693925
5.24418405019569
5.30542741284352
5.83077045672598
5.56183061926161
5.65812680087039
6.06839841887839
5.81438613137374
5.84764045057369
5.71801324004973
5.94831291594049
5.9070810530395
5.81079639180565
6.43409743023458
6.04882876667319
6.7399394808292
5.75721684962011
6.41661649717533
6.16353400619035
5.9753195086259
7.0351080139037
6.14258020753995
5.8397144291942
6.49552712127602
5.92303676554926
5.26761137691473
5.80911701736271
5.99086920244165
5.44320803051279
5.50643804646381
5.67589854222264
5.68640838404531
6.25434719631857
6.33220899615131
5.9410076323074
7.07325030498392
5.08667795650695
6.51378837566584
5.51995176817978
5.57860467328926
5.40826142718779
6.03579494435966
5.69583136084366
5.67873282430112
6.24938564466344
5.33140840699204
6.37849728513577
5.96484073864032
6.29420991313393
6.00736039349316
6.5228652112567
5.44520778757792
6.05819903316163
5.6316259239573
5.15666213593497
5.67188186399316
5.57185192526027
5.35584962696962
5.7896042244896
6.3644199024512
5.92304736695841
6.13671285564428
5.91593127049253
6.26071329933655
6.44684374059206
6.28485282434734
5.74746866600524
6.24842577242013
6.37579372408121
5.922495986141
5.54767683924255
5.79192716897199
5.47907533326407
6.86289447954989
5.86466976334398
6.77770900160585
6.42733453054256
5.67508301660352
5.38180024311101
6.28271729705626
6.2792814782826
5.98135027542027
6.56901856668253
6.01467260346408
6.06927796421388
6.72050407359546
6.12891831179226
4.95238058488952
5.78906377363623
5.21443503799922
5.99001414586668
6.23446538223485
6.31533066130166
5.69609929351764
5.39080239573551
5.67507815579376
5.55017923180573
5.5364281246744
5.95731934292191
5.98236942390032
5.3365420577032
5.45991785482533
5.95869504518831
5.33994158166684
5.6002199532145
5.77569595421049
5.92004150547093
5.95113249111145
5.39919562180692
6.57000441269488
6.69566499507301
5.45020902937095
6.42692791481674
6.06949286451465
6.10777325663628
6.28774255453734
6.72962005098208
5.67634130683771
5.92490950806312
5.07859305028
5.86989970335136
6.16890119449734
5.61687880069713
5.71207740837174
5.90549559164318
5.9877608741958
6.0706341313012
6.27981567288195
6.33139539657828
5.70597984864539
5.72000468555788
5.8071170745466
5.64479213839441
5.54629021578547
6.13561314578984
5.57723350443675
5.6047915508869
5.68416966415778
5.11277447345907
5.86990102180168
6.58481719304355
5.78495442924476
5.26457612900083
6.39912735231105
5.13979220037417
6.42692791481674
5.37760226494925
5.54148458161445
5.82411885465462
5.53342398427771
6.28395434070443
5.83991112587893
5.6810632476676
5.9928121512338
6.31027529978781
6.14991706656835
6.43944286207554
6.32282175788578
5.78491844308919
5.37965387719091
4.74598362829956
5.4799573271517
6.67413570965806
5.82056016626638
6.50173751395607
5.91115231965748
5.6567015234742
5.24041413852527
6.80936865056886
5.15548525986147
6.75529314469659
5.14144992720765
5.46124105876521
6.2671682264013
6.47863557317893
6.24973572771342
6.38714896873246
5.61641426425807
5.30513183871695
6.12839857732979
5.74279800177161
6.07050898514252
5.63206788980435
6.0311938996516
5.50643804646381
5.77500321362048
5.3022054997302
5.96273912666386
5.46272309730853
5.89537118083567
6.35027388164111
5.35020320882952
6.59195962726532
6.11410394111591
5.62538099079709
6.18924108640558
6.06844060393976
6.29682576238852
5.77992852121889
6.1089091467412
5.37619917373398
6.17532287844989
5.85300473160034
6.03546666311642
5.6733549493416
6.24168831191628
5.29305446305744
5.96858336594855
6.57929978809406
6.24012082878659
6.27851685436718
5.31825103187754
5.42325430967379
5.86136449211793
6.62790699781122
5.27287141786072
6.21101814213337
5.21338112342451
6.02145714867034
6.3580086543289
5.65780674266981
6.29000052386748
5.99882581052065
5.35584962696962
5.83903839190664
5.93018141403054
5.95976577459455
6.0637765253844
6.38412019602015
6.47921925552711
5.90649846242996
4.58626578785322
4.56168702887917
5.76666912811929
5.27824956163257
6.2288015180755
6.05578692118493
5.73515177846666
5.53473455840028
6.50066640965849
5.60814302294495
5.69658889323593
5.50945829636444
5.62107907136277
5.54927403169245
6.21708407628561
6.14742246243834
6.70807108920304
6.34465204146109
6.47026585435042
6.00378850732589
6.54106720982429
5.51616415975215
6.04222604482549
5.74100164831971
5.94463745964948
6.13997164013142
5.65235007183917
6.33625109578776
6.77470814348077
5.60684405437008
6.87860830938304
6.50209270022906
5.36055614186332
5.38914580040877
5.81889448821394
4.98024230868494
5.55691852782115
6.26071329933655
5.90076618338355
6.81653524775882
5.11319107429107
5.24311990918808
6.75571278433985
5.50468167119939
6.60230291164877
6.43606993437972
5.94342707531422
5.11109926819182
5.45661902462313
6.41486319791959
5.5288812504022
5.44907174119948
6.10402670982747
5.75901762926545
5.63390589076239
6.19673377642632
6.30472404182693
5.3612983494034
5.53728279695372
5.37103517090375
6.42692791481674
5.50226726696956
6.54298203644835
5.62570383043496
5.4563658509687
6.68995816002914
5.7182275484948
5.79427988583457
6.11413183178021
5.61059752430277
6.28152520472636
5.55874256642714
6.36051502992892
5.20377674495528
5.82116266272171
6.38858213246695
5.57248402422961
5.91255171463289
7.07271882516207
5.63520261326229
5.29368465598829
5.79979353280805
5.59691157559972
5.82840781051057
5.30693655377752
6.46076940466347
5.39072381989711
6.34024544546232
5.55213456525537
5.56001296290458
4.72537109691032
5.84633677144026
6.1596355025401
6.05521157695891
5.45652439914131
6.11486304159517
6.06356481357419
6.33950145182006
6.04330576329289
5.46990930939781
5.77842028607495
6.11430105141074
5.75339969295646
5.97776855387329
6.33242418862654
6.20389335965728
5.0358755288111
6.03712809954835
5.86867607777477
6.44143552777152
5.51244584045885
6.84322096494206
6.07333125644622
5.61815306451693
6.57476732128907
6.24429323124954
5.47372130292562
5.62333171224535
5.08488490836153
6.20339620387231
5.98022368659695
5.51054743725369
6.86212580325557
5.67693689378081
5.65100915059083
5.42365207187483
5.41849819164493
6.06066181066387
5.37386242930039
6.35411442327159
5.53012566397829
6.45317135562758
5.06977340920989
5.38629176929897
6.07043430472797
6.00520596013309
5.92727422918588
6.15187222183314
5.50425782812113
6.13671285564428
6.14758549611653
5.63836338920307
5.36688339529972
6.35551903898569
5.50554044303912
5.05084025885483
6.03752164454567
5.50604129438289
5.24463109123612
5.26492460848545
5.70678983888563
5.69673306040299
6.49256451542471
5.61842752314809
5.46635738673926
5.97774934598536
6.18713912271944
5.82967768519624
5.56019627194572
5.31302244211284
5.44414774973605
6.26206605075287
5.04097506880156
5.61534056688705
5.97622419692182
5.48717847278128
5.79780141200986
5.76972226476147
5.67229217812594
5.61650723908519
5.98032645293058
5.75421539956941
5.71325064651752
6.20339620387231
5.58878152098579
5.50281910561906
5.50468167119939
6.32895106878876
5.86570413963598
5.68112126830588
6.41502770458006
5.72048991356088
5.68981372384699
6.60234100794664
5.37756210801139
6.04173727360472
5.56805606282078
5.85036630201956
5.77098006353698
5.16192522965151
6.11748159831861
6.42484673215671
5.9675376944769
5.29305446305744
5.3914520948859
5.58797958426076
6.32798480177487
6.53181320680975
5.57278613195809
6.10484476759315
6.11410418197062
5.98717896035527
6.72342470975471
6.10402670982747
6.52453200354728
5.29003541401566
5.2246391937344
5.99610656881082
6.21650953707673
5.74555434381843
6.33300004822146
6.16410522874061
5.99566841194865
5.53032589489293
6.14795297392621
5.93014461591234
5.92904691059599
5.07018309719032
5.40755526779769
5.64064563038648
6.39725274470412
5.79014704470765
6.03849028146718
6.48668380658773
5.95162618636764
6.14415046536054
5.61687880069713
6.6007335831816
5.90192860652968
5.80540483625984
6.11105361670623
5.69940033186615
5.52903163523587
5.74549489709628
6.07232308454778
5.86258187071785
5.1195114563544
5.50429346675064
5.75339969295646
5.57723350443675
5.341253757069
6.27910018505846
6.46688926724827
6.12046828335466
5.93615151357573
5.52342573358832
6.68055725798336
6.23416309936481
6.02424208060009
6.16401718712282
6.5253713751838
4.89841409368168
5.99967833101616
6.23734189912986
6.25751330844601
6.70032386973631
5.68571451555438
5.87675482238155
6.19984542552575
5.70169568219169
5.28842809348963
6.66978523514681
5.77422557416673
5.77237848111486
5.54148458161445
5.74865294642458
5.73159710926151
5.98983085893113
6.0041946928381
5.44310744638398
5.66549549867402
5.4129384091788
6.07336912704713
6.32075798887892
5.38126769814934
6.23600845224465
5.53369372352755
5.50604129438289
6.05320293398352
5.68792586196233
6.01736377672725
6.36601745853394
6.04834872323589
5.38441800907931
6.23446538223485
5.56457033647932
6.95083958336739
6.51378837566584
5.51427496499769
5.61230541736319
4.73999776953128
5.62012327921624
6.22724879723044
6.28023417638557
7.13342680621921
5.48859824608592
6.1415023170015
5.23282856771752
5.96596923345968
5.90110060084383
6.04831830184443
5.04645063002344
5.84465992790818
6.04799749958008
5.81453171503151
5.51992299509113
5.64929913349472
5.83700596325311
4.79092009412889
4.80467664546851
5.14152541226627
5.89289497601844
6.63057753704702
5.95047621772683
5.53473455840028
5.98759004375149
5.40151068541212
5.70597984864539
5.33622592024341
5.71693637441055
5.87572730063757
5.36007309427131
6.17563701942376
6.24918105767176
5.57248402422961
6.39832646309716
6.20736563663524
5.86747249020017
5.52181692547522
5.92924905539899
5.69893339397172
5.67269814170348
6.76536230993267
5.95023816249096
5.65564113581014
6.68979144777672
5.789728380119
5.43153633717583
5.93994461460572
4.94591396694719
6.36911419170605
6.83779074738589
5.12952901908624
6.4946872330396
5.87518081822428
5.53847361235292
6.03460716724031
5.92388825884652
5.17648131367681
5.27551279540671
5.40477899750361
5.4199245645759
6.74604883063355
6.23759806823205
6.18869182727021
6.1389291005106
5.94090526875528
5.39059618155851
6.07568673041154
5.3896604934243
5.91975598056352
6.02326118815848
5.69942401976348
5.45021458810058
6.00217346332773
5.47468775246303
6.53246431231067
5.70329656232545
6.38981721494544
5.49165149554709
5.59183688162375
5.61830777693597
6.03590802677181
5.67436780175052
5.9312683387387
6.14758549611653
5.41105041058512
5.6423133291416
6.45601310344228
5.51444761360291
5.63766560834635
5.78836998070746
6.56593462925179
5.57777993175226
5.62637462456859
5.55952527369269
5.3804255708989
5.92736377256751
5.78657389094811
6.48099167364552
5.78179701812097
5.70232759919343
6.00261376603335
5.4982375920772
6.05110261233043
5.42866359903357
5.80141555213921
5.03406242300584
5.91550772966299
5.08488490836153
5.40034226469282
6.34968392039195
5.41380733504394
5.35266840434472
6.32962835257163
5.87137675846063
5.75015223137754
5.84429423827003
6.37704018865093
5.35353240311072
5.77354701138958
5.95988512796646
5.35266840434472
6.84316476187918
5.99208504158417
5.95977861869564
5.2913109978692
6.01782792036656
5.64729567359313
6.20499921460862
5.53883649260053
5.13350803878727
5.83457128949481
6.46456030393741
6.5232015225279
5.859494655141
5.3815709083823
5.40717638567227
5.30893387384372
5.96956335172787
5.14621979796555
5.68089262062131
5.42933824131075
5.54130451387667
5.42600689999315
5.44921276787143
5.63217946020008
6.34328170658569
5.54715034970594
6.31203871088536
5.95748279302244
6.49989188708126
6.66518360712317
5.79839520385882
6.13633030160865
5.51897015398171
6.18816310447879
6.27894717622272
5.95153875382369
5.69152201682226
5.64075918251272
5.36247379368601
6.54521615484902
5.76674227242409
6.34982830252526
5.80964019237905
6.15223155320698
5.67726595715028
6.08016592781317
5.3535902334592
6.29488783078636
5.98482602251018
5.77434753666542
5.92774119536182
6.09122344172081
6.31345381577562
5.61215005725711
5.83057768259403
5.45386904456167
5.72267803550259
6.48057067321174
6.50673890234353
6.07202018754364
5.78155322274559
4.73999776953128
6.44386837684441
5.56290038834235
6.76326827720569
6.0182484363855
6.39336583287143
6.29488783078636
6.38963547336893
5.49165149554709
4.77749345791854
5.65671525710457
5.60938302148698
6.27639786003402
5.87172128506771
5.49045912730687
6.43397388302488
6.08582799581404
5.92904691059599
6.60333309819913
6.13476028366246
5.45082584620667
4.9832068386912
5.89458745098296
5.36485259760725
6.23574684392015
5.78258874963283
5.24825832663559
5.92852753816251
5.81665429488543
5.60514390631121
5.90498564188762
5.42072135416532
5.45120025574295
5.8741871717042
5.97491538242531
5.39530381932217
